0   0.000000000000000000000001
1   0.000000000000000000000001
2   0.00001
3   0.000000000000000000000001
4   0.000000000000000000000001
5   0.00001
6   0.0002
7   0.00001
8   0.000000000000000000000001
9   0.00001
10  0.0005
11  0.0005
12  0.000000000000000000000001
13  0.00001
14  0.001
15  0.0015
16  0.001
17  0.0005
18  0.0025
19  0.0055
20  0.0045
21  0.001
22  0.004
23  0.022
24  0.061
25  0.095
26  0.13
27  0.095
28  0.044   
29  0.013
30  0.005
31  0.003
32  0.005
33  0.0025
34  0.001
35  0.0007
36  0.0015
37  0.0015
38  0.0005
39  0.00025
40  0.0005
41  0.0005
42  0.0000000000000000000001
43  0.0000000000000000000001
44  0.0001
45  0.00045
46  0.0001
47  0.0000000000000000000001
48  0.0000000000000000000001
49  0.0000000000000000000001
50  0.0000000000000000000001