0   0.009
1   0.006
2   0.0005
3   0.0015
4   0.011
5   0.0105  
6   0.0015
7   0.0025
8   0.014
9   0.017
10  0.002
11  0.003
12  0.0205
13  0.024
14  0.0045
15  0.0065
16  0.034
17  0.06
18  0.003
19  0.01
20  0.025
21  0.00145
22  0.019
23  0.048
24  0.26
25  2.3
26  3
27  0.47
28  0.27
29  0.8
30  0.08
31  0.019
32  0.022
33  0.088
34  0.022
35  0.013
36  0.007
37  0.048
38  0.014
39  0.0075
40  0.006
41  0.01
42  0.006
43  0.00375
44  0.002
45  0.007
46  0.005
47  0.002
48  0.001
49  0.007
50  0.003