1	32.30	33.62	32.07	30.56	34.28	34.85	32.52	29.73
2	32.30	33.62	32.07	30.56	34.27	34.86	32.52	29.74
3	32.30	33.62	32.07	30.57	34.28	34.87	32.52	29.74
4	32.31	33.64	32.08	30.57	34.29	34.91	32.53	29.74
5	32.31	33.66	32.09	30.57	34.29	34.96	32.53	29.74
6	32.31	33.68	32.09	30.57	34.29	35.02	32.54	29.74
7	32.32	33.72	32.10	30.58	34.30	35.11	32.54	29.74
8	32.32	33.77	32.11	30.58	34.31	35.22	32.55	29.74
9	32.32	33.83	32.13	30.58	34.32	35.34	32.55	29.74
10	32.33	33.91	32.15	30.59	34.34	35.48	32.56	29.74
11	32.33	33.99	32.17	30.59	34.36	35.63	32.57	29.74
12	32.34	34.08	32.20	30.59	34.38	35.79	32.58	29.75
13	32.34	34.18	32.23	30.60	34.41	35.96	32.59	29.75
14	32.34	34.29	32.26	30.60	34.45	36.14	32.60	29.75
15	32.36	34.41	32.30	30.61	34.50	36.33	32.62	29.75
16	32.37	34.53	32.35	30.61	34.54	36.51	32.63	29.75
17	32.38	34.67	32.39	30.61	34.59	36.71	32.65	29.75
18	32.39	34.80	32.43	30.62	34.65	36.90	32.67	29.75
19	32.41	34.95	32.49	30.62	34.71	37.10	32.70	29.75
20	32.42	35.09	32.54	30.63	34.78	37.30	32.73	29.76
21	32.43	35.24	32.60	30.63	34.85	37.50	32.76	29.75
22	32.45	35.40	32.66	30.64	34.92	37.70	32.79	29.76
23	32.47	35.56	32.72	30.65	35.00	37.90	32.82	29.76
24	32.49	35.72	32.79	30.66	35.08	38.10	32.86	29.76
25	32.52	35.88	32.86	30.67	35.17	38.30	32.91	29.76
26	32.55	36.04	32.93	30.68	35.26	38.49	32.95	29.76
27	32.57	36.20	33.00	30.69	35.35	38.69	33.00	29.76
28	32.60	36.37	33.08	30.70	35.45	38.89	33.04	29.77
29	32.63	36.54	33.15	30.71	35.55	39.09	33.09	29.77
30	32.66	36.71	33.23	30.73	35.65	39.27	33.15	29.77
31	32.70	36.88	33.31	30.74	35.75	39.46	33.20	29.77
32	32.74	37.04	33.39	30.75	35.85	39.65	33.26	29.77
33	32.78	37.21	33.47	30.77	35.96	39.82	33.33	29.78
34	32.81	37.38	33.55	30.78	36.07	40.01	33.39	29.78
35	32.86	37.55	33.63	30.80	36.18	40.18	33.45	29.78
36	32.90	37.72	33.71	30.82	36.29	40.36	33.52	29.78
37	32.95	37.88	33.80	30.84	36.41	40.54	33.59	29.78
38	32.99	38.04	33.89	30.86	36.52	40.71	33.65	29.78
39	33.05	38.20	33.97	30.88	36.63	40.88	33.73	29.78
40	33.09	38.37	34.06	30.90	36.76	41.05	33.80	29.79
41	33.14	38.53	34.14	30.93	36.87	41.21	33.87	29.79
42	33.20	38.68	34.23	30.95	36.99	41.38	33.96	29.79
43	33.25	38.85	34.31	30.97	37.11	41.54	34.04	29.79
44	33.31	39.00	34.40	31.00	37.23	41.69	34.11	29.80
45	33.37	39.16	34.49	31.02	37.35	41.85	34.20	29.80
46	33.42	39.31	34.58	31.05	37.47	42.00	34.28	29.79
47	33.48	39.47	34.66	31.07	37.59	42.16	34.37	29.80
48	33.54	39.61	34.75	31.10	37.71	42.31	34.46	29.80
49	33.59	39.76	34.84	31.13	37.84	42.46	34.54	29.80
50	33.66	39.91	34.93	31.16	37.96	42.60	34.64	29.80
51	33.72	40.05	35.01	31.19	38.08	42.75	34.73	29.81
52	33.79	40.20	35.10	31.22	38.20	42.89	34.82	29.81
53	33.85	40.34	35.19	31.25	38.32	43.03	34.91	29.82
54	33.91	40.48	35.28	31.28	38.45	43.17	35.01	29.81
55	33.98	40.63	35.37	31.31	38.57	43.31	35.10	29.81
56	34.04	40.76	35.45	31.35	38.70	43.45	35.20	29.82
57	34.11	40.90	35.55	31.38	38.82	43.58	35.30	29.82
58	34.18	41.03	35.63	31.41	38.94	43.71	35.40	29.83
59	34.24	41.16	35.71	31.44	39.07	43.85	35.50	29.82
60	34.31	41.30	35.80	31.48	39.19	43.97	35.60	29.83
61	34.38	41.43	35.88	31.52	39.32	44.11	35.70	29.84
62	34.45	41.56	35.97	31.55	39.44	44.23	35.80	29.84
63	34.52	41.68	36.05	31.59	39.56	44.36	35.90	29.84
64	34.59	41.81	36.13	31.63	39.68	44.48	36.01	29.85
65	34.66	41.93	36.22	31.66	39.81	44.61	36.10	29.85
66	34.72	42.05	36.30	31.70	39.93	44.73	36.21	29.85
67	34.80	42.18	36.39	31.74	40.05	44.85	36.31	29.86
68	34.87	42.29	36.47	31.78	40.17	44.98	36.42	29.86
69	34.94	42.42	36.55	31.82	40.29	45.09	36.52	29.86
70	35.01	42.53	36.63	31.86	40.42	45.21	36.62	29.87
71	35.08	42.65	36.71	31.90	40.53	45.32	36.73	29.88
72	35.15	42.77	36.79	31.93	40.66	45.44	36.84	29.88
73	35.23	42.88	36.86	31.98	40.78	45.56	36.94	29.88
74	35.30	42.99	36.94	32.01	40.90	45.68	37.04	29.88
75	35.37	43.10	37.02	32.05	41.02	45.79	37.15	29.89
76	35.45	43.21	37.10	32.09	41.14	45.90	37.25	29.89
77	35.51	43.33	37.17	32.13	41.26	46.01	37.36	29.90
78	35.58	43.43	37.25	32.18	41.38	46.13	37.46	29.90
79	35.66	43.54	37.33	32.22	41.49	46.24	37.57	29.91
80	35.73	43.64	37.40	32.25	41.62	46.35	37.68	29.91
81	35.80	43.75	37.48	32.30	41.74	46.46	37.78	29.92
82	35.88	43.85	37.55	32.34	41.85	46.56	37.88	29.93
83	35.95	43.95	37.62	32.38	41.97	46.67	37.99	29.93
84	36.02	44.05	37.70	32.43	42.08	46.76	38.09	29.94
85	36.09	44.15	37.77	32.46	42.20	46.85	38.20	29.94
86	36.17	44.23	37.84	32.51	42.32	46.92	38.31	29.95
87	36.24	44.31	37.91	32.55	42.43	46.98	38.41	29.96
88	36.31	44.38	37.97	32.59	42.54	47.03	38.51	29.96
89	36.38	44.44	38.03	32.64	42.66	47.05	38.62	29.97
90	36.46	44.49	38.09	32.68	42.76	47.07	38.72	29.97
91	36.53	44.53	38.15	32.72	42.87	47.06	38.82	29.98
92	36.60	44.56	38.20	32.76	42.97	47.05	38.91	29.98
93	36.67	44.58	38.24	32.80	43.06	47.03	39.02	30.00
94	36.74	44.58	38.29	32.85	43.15	46.99	39.11	30.00
95	36.82	44.58	38.32	32.89	43.25	46.94	39.21	30.01
96	36.88	44.57	38.36	32.94	43.33	46.89	39.30	30.02
97	36.95	44.56	38.39	32.97	43.40	46.83	39.39	30.02
98	37.02	44.53	38.41	33.01	43.48	46.77	39.48	30.04
99	37.08	44.49	38.44	33.06	43.55	46.70	39.56	30.04
100	37.15	44.45	38.46	33.10	43.61	46.62	39.65	30.05
101	37.20	44.41	38.47	33.14	43.68	46.54	39.73	30.06
102	37.27	44.36	38.49	33.18	43.72	46.46	39.81	30.07
103	37.32	44.31	38.50	33.22	43.77	46.38	39.88	30.07
104	37.38	44.24	38.50	33.26	43.82	46.30	39.95	30.09
105	37.44	44.18	38.50	33.30	43.86	46.21	40.03	30.10
106	37.49	44.12	38.50	33.33	43.90	46.12	40.10	30.11
107	37.54	44.05	38.50	33.37	43.93	46.03	40.16	30.11
108	37.59	43.98	38.50	33.40	43.96	45.94	40.22	30.13
109	37.64	43.90	38.49	33.44	43.98	45.85	40.27	30.13
110	37.68	43.83	38.49	33.47	44.01	45.76	40.33	30.14
111	37.72	43.75	38.48	33.51	44.03	45.67	40.38	30.15
112	37.77	43.67	38.47	33.54	44.04	45.59	40.43	30.16
113	37.80	43.59	38.45	33.57	44.06	45.50	40.47	30.17
114	37.85	43.51	38.44	33.61	44.07	45.42	40.52	30.18
115	37.88	43.43	38.42	33.63	44.07	45.33	40.56	30.19
116	37.91	43.36	38.40	33.66	44.08	45.25	40.59	30.21
117	37.95	43.28	38.39	33.70	44.09	45.17	40.63	30.22
118	37.98	43.20	38.36	33.72	44.09	45.09	40.66	30.23
119	38.01	43.11	38.35	33.75	44.09	45.02	40.69	30.24
120	38.04	43.03	38.33	33.77	44.09	44.94	40.72	30.25
121	38.06	42.96	38.30	33.80	44.08	44.87	40.75	30.26
122	38.09	42.87	38.28	33.82	44.08	44.79	40.77	30.28
123	38.11	42.79	38.25	33.85	44.07	44.72	40.78	30.30
124	38.13	42.72	38.24	33.87	44.06	44.65	40.81	30.30
125	38.15	42.64	38.21	33.90	44.05	44.58	40.82	30.31
126	38.17	42.56	38.18	33.92	44.05	44.51	40.83	30.33
127	38.19	42.49	38.16	33.94	44.03	44.45	40.84	30.34
128	38.20	42.41	38.14	33.95	44.02	44.38	40.85	30.35
129	38.22	42.34	38.11	33.98	44.01	44.32	40.86	30.37
130	38.23	42.26	38.09	34.00	43.99	44.25	40.87	30.38
131	38.25	42.20	38.06	34.01	43.98	44.19	40.87	30.39
132	38.26	42.12	38.03	34.03	43.96	44.14	40.87	30.40
133	38.27	42.05	38.00	34.05	43.94	44.08	40.88	30.42
134	38.28	41.99	37.98	34.07	43.92	44.02	40.88	30.43
135	38.29	41.92	37.95	34.08	43.90	43.97	40.88	30.45
136	38.30	41.85	37.93	34.09	43.89	43.91	40.87	30.46
137	38.31	41.79	37.90	34.11	43.86	43.86	40.87	30.47
138	38.31	41.72	37.88	34.12	43.84	43.81	40.86	30.49
139	38.32	41.65	37.85	34.13	43.82	43.76	40.86	30.50
140	38.33	41.59	37.82	34.15	43.80	43.70	40.85	30.51
141	38.33	41.53	37.80	34.16	43.78	43.66	40.83	30.53
142	38.33	41.48	37.78	34.17	43.76	43.61	40.83	30.54
143	38.34	41.41	37.75	34.18	43.73	43.56	40.82	30.55
144	38.34	41.36	37.72	34.19	43.71	43.52	40.80	30.57
145	38.34	41.30	37.70	34.20	43.69	43.47	40.79	30.59
146	38.34	41.24	37.67	34.21	43.66	43.43	40.78	30.60
147	38.35	41.19	37.64	34.22	43.64	43.39	40.76	30.62
148	38.34	41.13	37.62	34.23	43.62	43.35	40.74	30.63
149	38.35	41.08	37.60	34.24	43.59	43.30	40.73	30.65
150	38.35	41.03	37.57	34.25	43.57	43.27	40.71	30.66
151	38.35	40.98	37.55	34.26	43.54	43.23	40.69	30.68
152	38.34	40.92	37.53	34.27	43.52	43.19	40.67	30.68
153	38.34	40.88	37.50	34.27	43.49	43.15	40.65	30.70
154	38.34	40.83	37.48	34.28	43.47	43.11	40.63	30.72
155	38.34	40.78	37.45	34.28	43.44	43.08	40.61	30.74
156	38.34	40.73	37.43	34.29	43.41	43.04	40.59	30.75
157	38.34	40.69	37.41	34.29	43.39	43.01	40.57	30.77
158	38.33	40.64	37.38	34.31	43.36	42.97	40.55	30.78
159	38.33	40.60	37.37	34.31	43.34	42.93	40.52	30.79
160	38.32	40.56	37.34	34.31	43.31	42.90	40.50	30.81
161	38.32	40.51	37.32	34.32	43.29	42.87	40.47	30.82
162	38.32	40.47	37.30	34.33	43.26	42.84	40.45	30.84
163	38.31	40.43	37.28	34.33	43.24	42.81	40.43	30.85
164	38.31	40.40	37.26	34.34	43.21	42.81	40.40	30.87
165	38.30	40.37	37.24	34.34	43.18	42.82	40.37	30.88
166	38.30	40.36	37.23	34.34	43.16	42.85	40.35	30.90
167	38.29	40.35	37.22	34.35	43.13	42.90	40.33	30.91
168	38.29	40.36	37.20	34.35	43.11	42.98	40.31	30.93
169	38.28	40.38	37.20	34.35	43.09	43.06	40.28	30.94
170	38.28	40.41	37.19	34.36	43.08	43.16	40.26	30.96
171	38.28	40.45	37.19	34.37	43.07	43.28	40.24	30.97
172	38.28	40.51	37.20	34.37	43.07	43.41	40.22	30.98
173	38.27	40.57	37.21	34.37	43.07	43.55	40.20	31.00
174	38.26	40.64	37.22	34.37	43.08	43.69	40.19	31.02
175	38.26	40.72	37.23	34.37	43.08	43.84	40.17	31.03
176	38.26	40.81	37.25	34.37	43.10	44.00	40.16	31.04
177	38.27	40.91	37.28	34.38	43.12	44.16	40.15	31.06
178	38.27	41.01	37.30	34.38	43.15	44.32	40.14	31.07
179	38.27	41.11	37.33	34.39	43.18	44.49	40.14	31.08
180	38.28	41.23	37.36	34.40	43.21	44.66	40.14	31.10
181	38.28	41.35	37.40	34.40	43.26	44.82	40.14	31.11
182	38.29	41.47	37.44	34.40	43.30	44.99	40.14	31.12
183	38.30	41.60	37.49	34.41	43.35	45.17	40.15	31.14
184	38.31	41.73	37.53	34.42	43.40	45.33	40.16	31.15
185	38.32	41.85	37.58	34.43	43.46	45.50	40.17	31.17
186	38.34	41.98	37.63	34.43	43.52	45.67	40.18	31.18
187	38.36	42.12	37.68	34.44	43.58	45.84	40.20	31.20
188	38.37	42.26	37.73	34.46	43.65	46.00	40.22	31.21
189	38.40	42.39	37.79	34.46	43.72	46.17	40.24	31.22
190	38.42	42.53	37.85	34.47	43.79	46.33	40.26	31.23
191	38.44	42.67	37.91	34.48	43.86	46.49	40.29	31.25
192	38.47	42.81	37.97	34.50	43.94	46.65	40.32	31.26
193	38.50	42.95	38.03	34.51	44.02	46.81	40.35	31.28
194	38.53	43.09	38.10	34.52	44.09	46.95	40.38	31.29
195	38.56	43.23	38.16	34.53	44.18	47.11	40.42	31.30
196	38.59	43.37	38.22	34.56	44.26	47.26	40.46	31.31
197	38.63	43.51	38.29	34.57	44.35	47.40	40.50	31.33
198	38.67	43.64	38.36	34.59	44.43	47.55	40.54	31.34
199	38.70	43.78	38.43	34.60	44.52	47.69	40.58	31.35
200	38.74	43.91	38.50	34.62	44.61	47.83	40.63	31.37
201	38.78	44.05	38.57	34.64	44.70	47.97	40.68	31.39
202	38.82	44.18	38.64	34.66	44.78	48.11	40.73	31.40
203	38.86	44.31	38.71	34.69	44.88	48.25	40.78	31.41
204	38.91	44.45	38.78	34.70	44.97	48.38	40.83	31.42
205	38.95	44.58	38.85	34.73	45.06	48.51	40.89	31.43
206	39.00	44.70	38.92	34.75	45.15	48.64	40.95	31.44
207	39.04	44.84	38.99	34.77	45.25	48.77	41.00	31.46
208	39.09	44.96	39.06	34.80	45.34	48.89	41.06	31.47
209	39.14	45.08	39.13	34.82	45.44	49.02	41.12	31.48
210	39.19	45.21	39.20	34.84	45.54	49.14	41.19	31.50
211	39.24	45.33	39.28	34.88	45.63	49.26	41.25	31.51
212	39.29	45.45	39.35	34.90	45.72	49.38	41.31	31.52
213	39.34	45.57	39.42	34.93	45.82	49.50	41.38	31.53
214	39.40	45.69	39.49	34.95	45.92	49.61	41.45	31.54
215	39.45	45.81	39.56	34.99	46.01	49.72	41.52	31.55
216	39.51	45.93	39.63	35.01	46.11	49.84	41.58	31.56
217	39.56	46.04	39.70	35.04	46.20	49.96	41.65	31.58
218	39.62	46.16	39.77	35.07	46.30	50.06	41.72	31.59
219	39.67	46.26	39.85	35.10	46.41	50.17	41.79	31.60
220	39.73	46.38	39.92	35.13	46.49	50.28	41.86	31.61
221	39.79	46.48	39.99	35.16	46.59	50.39	41.94	31.62
222	39.84	46.60	40.06	35.20	46.69	50.49	42.01	31.64
223	39.90	46.71	40.13	35.23	46.79	50.60	42.08	31.65
224	39.96	46.81	40.20	35.26	46.88	50.70	42.16	31.66
225	40.02	46.92	40.26	35.29	46.98	50.80	42.24	31.67
226	40.07	47.02	40.33	35.32	47.08	50.91	42.31	31.69
227	40.14	47.12	40.40	35.35	47.17	51.01	42.39	31.70
228	40.19	47.22	40.47	35.39	47.27	51.10	42.46	31.71
229	40.25	47.32	40.54	35.42	47.37	51.20	42.54	31.72
230	40.31	47.42	40.60	35.46	47.47	51.30	42.62	31.73
231	40.37	47.52	40.67	35.49	47.56	51.39	42.69	31.75
232	40.43	47.62	40.74	35.53	47.66	51.49	42.77	31.75
233	40.49	47.71	40.81	35.56	47.75	51.58	42.85	31.77
234	40.55	47.80	40.87	35.60	47.85	51.68	42.93	31.78
235	40.61	47.90	40.94	35.64	47.94	51.77	43.01	31.79
236	40.67	47.99	41.01	35.67	48.04	51.86	43.09	31.81
237	40.73	48.09	41.07	35.70	48.13	51.96	43.17	31.82
238	40.79	48.18	41.13	35.74	48.23	52.05	43.25	31.83
239	40.85	48.27	41.19	35.78	48.32	52.13	43.33	31.84
240	40.91	48.35	41.25	35.81	48.42	52.23	43.41	31.85
241	40.97	48.45	41.32	35.84	48.51	52.31	43.49	31.86
242	41.04	48.53	41.38	35.89	48.60	52.40	43.57	31.88
243	41.10	48.61	41.44	35.92	48.69	52.49	43.65	31.89
244	41.16	48.70	41.50	35.96	48.79	52.57	43.73	31.90
245	41.22	48.77	41.57	35.99	48.88	52.64	43.81	31.91
246	41.28	48.85	41.62	36.03	48.97	52.69	43.89	31.92
247	41.34	48.91	41.68	36.07	49.06	52.73	43.97	31.93
248	41.40	48.97	41.74	36.11	49.15	52.76	44.04	31.96
249	41.47	49.02	41.79	36.15	49.24	52.76	44.13	31.96
250	41.52	49.05	41.83	36.19	49.32	52.76	44.20	31.97
251	41.59	49.08	41.88	36.22	49.40	52.75	44.28	31.99
252	41.64	49.09	41.92	36.26	49.49	52.72	44.36	32.00
253	41.71	49.09	41.95	36.30	49.56	52.68	44.43	32.01
254	41.76	49.09	41.99	36.34	49.63	52.63	44.50	32.03
255	41.82	49.08	42.02	36.38	49.70	52.56	44.58	32.04
256	41.88	49.05	42.04	36.41	49.76	52.50	44.65	32.05
257	41.93	49.02	42.06	36.45	49.81	52.42	44.71	32.06
258	41.99	48.98	42.08	36.48	49.87	52.34	44.78	32.08
259	42.04	48.94	42.09	36.52	49.91	52.25	44.85	32.10
260	42.10	48.89	42.10	36.56	49.96	52.16	44.91	32.10
261	42.15	48.83	42.11	36.59	49.99	52.07	44.97	32.12
262	42.20	48.77	42.11	36.62	50.02	51.97	45.02	32.13
263	42.25	48.70	42.12	36.66	50.05	51.87	45.07	32.14
264	42.29	48.63	42.11	36.69	50.08	51.77	45.12	32.16
265	42.33	48.56	42.11	36.73	50.10	51.67	45.17	32.17
266	42.38	48.48	42.10	36.76	50.11	51.57	45.21	32.19
267	42.42	48.40	42.09	36.79	50.13	51.46	45.25	32.20
268	42.46	48.32	42.08	36.82	50.14	51.36	45.29	32.21
269	42.49	48.24	42.07	36.85	50.14	51.26	45.33	32.23
270	42.53	48.15	42.05	36.88	50.15	51.15	45.36	32.24
271	42.56	48.06	42.03	36.91	50.15	51.05	45.40	32.26
272	42.59	47.97	42.02	36.94	50.14	50.95	45.42	32.27
273	42.62	47.88	41.99	36.97	50.14	50.85	45.44	32.29
274	42.65	47.80	41.97	36.99	50.13	50.75	45.47	32.30
275	42.67	47.70	41.95	37.02	50.12	50.65	45.48	32.31
276	42.70	47.61	41.92	37.04	50.11	50.56	45.50	32.33
277	42.72	47.52	41.90	37.07	50.10	50.46	45.51	32.35
278	42.74	47.43	41.87	37.09	50.08	50.36	45.52	32.36
279	42.76	47.34	41.85	37.12	50.07	50.27	45.53	32.38
280	42.77	47.25	41.82	37.13	50.04	50.19	45.54	32.40
281	42.79	47.16	41.79	37.15	50.02	50.10	45.54	32.40
282	42.81	47.08	41.76	37.17	50.00	50.01	45.54	32.42
283	42.81	46.98	41.73	37.19	49.97	49.92	45.54	32.44
284	42.83	46.90	41.70	37.21	49.95	49.84	45.54	32.45
285	42.84	46.81	41.67	37.23	49.92	49.75	45.53	32.47
286	42.85	46.73	41.63	37.24	49.89	49.67	45.53	32.48
287	42.86	46.65	41.60	37.26	49.86	49.60	45.51	32.50
288	42.87	46.56	41.57	37.27	49.83	49.52	45.51	32.52
289	42.87	46.47	41.54	37.29	49.80	49.44	45.49	32.53
290	42.87	46.40	41.50	37.30	49.77	49.36	45.48	32.55
291	42.88	46.32	41.47	37.31	49.74	49.29	45.47	32.56
292	42.88	46.24	41.44	37.33	49.70	49.22	45.45	32.58
293	42.88	46.15	41.41	37.34	49.67	49.15	45.43	32.60
294	42.88	46.08	41.37	37.35	49.63	49.08	45.41	32.61
295	42.88	46.00	41.34	37.36	49.60	49.01	45.39	32.62
296	42.88	45.92	41.30	37.37	49.56	48.94	45.37	32.64
297	42.87	45.86	41.27	37.37	49.52	48.87	45.35	32.66
298	42.88	45.78	41.24	37.39	49.49	48.81	45.32	32.67
299	42.87	45.71	41.21	37.40	49.45	48.74	45.29	32.69
300	42.87	45.64	41.18	37.41	49.41	48.68	45.27	32.70
301	42.86	45.57	41.15	37.41	49.37	48.61	45.24	32.72
302	42.85	45.50	41.11	37.42	49.33	48.55	45.21	32.73
303	42.85	45.44	41.08	37.43	49.29	48.49	45.18	32.76
304	42.85	45.37	41.05	37.43	49.26	48.43	45.15	32.77
305	42.84	45.30	41.02	37.43	49.22	48.37	45.12	32.78
306	42.83	45.24	40.98	37.44	49.18	48.32	45.09	32.80
307	42.82	45.18	40.96	37.44	49.14	48.26	45.06	32.81
308	42.81	45.12	40.92	37.45	49.10	48.21	45.02	32.83
309	42.81	45.05	40.89	37.45	49.05	48.15	44.98	32.84
310	42.80	45.00	40.86	37.45	49.01	48.10	44.95	32.86
311	42.79	44.94	40.83	37.46	48.98	48.05	44.92	32.88
312	42.78	44.88	40.80	37.46	48.93	47.99	44.88	32.89
313	42.77	44.82	40.77	37.46	48.89	47.94	44.85	32.91
314	42.76	44.77	40.74	37.47	48.85	47.89	44.81	32.93
315	42.75	44.71	40.71	37.47	48.81	47.84	44.77	32.94
316	42.74	44.66	40.68	37.47	48.77	47.79	44.74	32.96
317	42.73	44.61	40.66	37.47	48.72	47.74	44.69	32.97
318	42.71	44.55	40.62	37.47	48.69	47.69	44.66	32.99
319	42.70	44.50	40.60	37.48	48.65	47.65	44.62	33.01
320	42.69	44.45	40.57	37.48	48.61	47.60	44.58	33.02
321	42.68	44.40	40.54	37.48	48.56	47.56	44.54	33.04
322	42.67	44.35	40.51	37.47	48.52	47.51	44.50	33.05
323	42.66	44.31	40.49	37.48	48.48	47.47	44.46	33.07
324	42.64	44.26	40.47	37.48	48.44	47.44	44.42	33.08
325	42.63	44.22	40.44	37.48	48.40	47.43	44.38	33.10
326	42.62	44.20	40.42	37.47	48.36	47.44	44.34	33.11
327	42.60	44.18	40.40	37.47	48.32	47.46	44.30	33.13
328	42.59	44.17	40.38	37.48	48.28	47.51	44.26	33.15
329	42.58	44.18	40.37	37.47	48.25	47.58	44.23	33.16
330	42.57	44.19	40.35	37.47	48.22	47.65	44.19	33.17
331	42.55	44.23	40.35	37.47	48.19	47.75	44.15	33.19
332	42.54	44.26	40.34	37.47	48.17	47.86	44.11	33.20
333	42.53	44.31	40.34	37.47	48.15	47.97	44.09	33.22
334	42.52	44.37	40.35	37.46	48.14	48.10	44.05	33.23
335	42.50	44.44	40.36	37.46	48.13	48.23	44.02	33.25
336	42.49	44.51	40.37	37.47	48.13	48.37	44.00	33.27
337	42.49	44.60	40.39	37.46	48.14	48.52	43.97	33.28
338	42.48	44.69	40.40	37.46	48.14	48.66	43.96	33.29
339	42.47	44.79	40.43	37.46	48.16	48.82	43.93	33.31
340	42.47	44.89	40.45	37.46	48.18	48.97	43.91	33.33
341	42.47	45.00	40.48	37.46	48.20	49.13	43.90	33.34
342	42.46	45.10	40.51	37.47	48.23	49.29	43.89	33.35
343	42.47	45.22	40.55	37.47	48.26	49.44	43.88	33.36
344	42.47	45.34	40.59	37.47	48.30	49.60	43.88	33.38
345	42.47	45.46	40.63	37.47	48.33	49.75	43.87	33.39
346	42.48	45.59	40.68	37.47	48.38	49.91	43.87	33.40
347	42.49	45.71	40.72	37.48	48.42	50.06	43.87	33.42
348	42.50	45.84	40.76	37.48	48.47	50.21	43.88	33.43
349	42.51	45.96	40.81	37.49	48.53	50.37	43.89	33.45
350	42.52	46.10	40.87	37.49	48.58	50.51	43.90	33.46
351	42.54	46.23	40.92	37.50	48.64	50.67	43.91	33.47
352	42.56	46.36	40.98	37.51	48.70	50.81	43.93	33.48
353	42.58	46.49	41.03	37.52	48.76	50.96	43.95	33.50
354	42.60	46.62	41.09	37.52	48.83	51.10	43.97	33.52
355	42.62	46.75	41.15	37.54	48.89	51.24	43.99	33.52
356	42.64	46.88	41.21	37.55	48.96	51.38	44.02	33.54
357	42.67	47.01	41.27	37.56	49.03	51.51	44.04	33.55
358	42.70	47.15	41.33	37.57	49.10	51.65	44.07	33.56
359	42.73	47.27	41.40	37.58	49.18	51.78	44.11	33.57
360	42.76	47.40	41.46	37.59	49.24	51.91	44.14	33.58
361	42.79	47.53	41.52	37.61	49.33	52.04	44.17	33.60
362	42.82	47.66	41.59	37.62	49.40	52.16	44.21	33.61
363	42.85	47.78	41.65	37.64	49.47	52.29	44.25	33.62
364	42.89	47.91	41.72	37.66	49.56	52.42	44.29	33.63
365	42.92	48.03	41.78	37.67	49.63	52.53	44.34	33.65
366	42.97	48.15	41.84	37.69	49.71	52.65	44.38	33.66
367	43.01	48.27	41.92	37.71	49.79	52.77	44.43	33.67
368	43.04	48.39	41.98	37.73	49.87	52.88	44.48	33.68
369	43.08	48.51	42.04	37.75	49.95	53.00	44.52	33.70
370	43.12	48.63	42.11	37.77	50.03	53.11	44.57	33.71
371	43.17	48.75	42.18	37.80	50.11	53.22	44.63	33.72
372	43.21	48.86	42.25	37.81	50.20	53.33	44.68	33.73
373	43.25	48.97	42.31	37.84	50.28	53.44	44.73	33.74
374	43.30	49.09	42.38	37.86	50.36	53.54	44.79	33.75
375	43.35	49.20	42.44	37.89	50.44	53.65	44.85	33.76
376	43.39	49.31	42.51	37.91	50.53	53.75	44.90	33.77
377	43.44	49.42	42.58	37.93	50.61	53.85	44.96	33.78
378	43.48	49.52	42.64	37.96	50.70	53.95	45.02	33.79
379	43.53	49.63	42.71	37.98	50.78	54.05	45.08	33.80
380	43.58	49.74	42.77	38.01	50.87	54.15	45.14	33.82
381	43.63	49.83	42.84	38.04	50.95	54.25	45.20	33.82
382	43.68	49.94	42.91	38.07	51.04	54.34	45.26	33.83
383	43.73	50.04	42.97	38.09	51.12	54.44	45.33	33.85
384	43.78	50.14	43.04	38.12	51.20	54.53	45.39	33.86
385	43.83	50.24	43.10	38.15	51.29	54.62	45.46	33.87
386	43.88	50.34	43.17	38.17	51.37	54.71	45.52	33.88
387	43.93	50.43	43.23	38.20	51.46	54.80	45.59	33.89
388	43.98	50.53	43.29	38.23	51.54	54.90	45.65	33.90
389	44.03	50.63	43.36	38.27	51.63	54.98	45.72	33.91
390	44.09	50.72	43.42	38.29	51.71	55.07	45.79	33.92
391	44.14	50.81	43.48	38.33	51.79	55.16	45.86	33.93
392	44.19	50.90	43.55	38.36	51.87	55.24	45.93	33.94
393	44.24	50.99	43.60	38.39	51.96	55.33	46.00	33.96
394	44.30	51.08	43.67	38.42	52.04	55.41	46.06	33.97
395	44.35	51.17	43.73	38.45	52.13	55.50	46.13	33.98
396	44.40	51.25	43.79	38.48	52.21	55.58	46.20	33.99
397	44.46	51.34	43.85	38.51	52.29	55.66	46.27	34.00
398	44.51	51.43	43.91	38.54	52.38	55.74	46.34	34.01
399	44.56	51.51	43.97	38.57	52.46	55.82	46.42	34.02
400	44.62	51.59	44.03	38.61	52.55	55.90	46.49	34.03
401	44.67	51.67	44.09	38.64	52.63	55.98	46.55	34.04
402	44.73	51.75	44.15	38.67	52.71	56.06	46.63	34.05
403	44.78	51.83	44.20	38.71	52.79	56.14	46.70	34.06
404	44.83	51.91	44.26	38.74	52.87	56.21	46.77	34.07
405	44.89	51.99	44.32	38.77	52.95	56.28	46.84	34.09
406	44.94	52.06	44.38	38.81	53.03	56.35	46.91	34.09
407	44.99	52.13	44.43	38.84	53.12	56.39	46.98	34.11
408	45.05	52.19	44.48	38.87	53.19	56.42	47.05	34.11
409	45.10	52.24	44.54	38.90	53.27	56.44	47.13	34.13
410	45.15	52.28	44.58	38.94	53.35	56.45	47.19	34.14
411	45.21	52.31	44.63	38.98	53.43	56.44	47.26	34.15
412	45.26	52.32	44.67	39.01	53.50	56.41	47.33	34.16
413	45.31	52.34	44.70	39.04	53.56	56.38	47.40	34.17
414	45.37	52.34	44.74	39.08	53.63	56.33	47.47	34.18
415	45.42	52.32	44.77	39.11	53.68	56.27	47.53	34.20
416	45.47	52.31	44.79	39.14	53.74	56.20	47.59	34.21
417	45.52	52.28	44.81	39.17	53.79	56.13	47.66	34.22
418	45.57	52.25	44.83	39.21	53.84	56.05	47.72	34.23
419	45.62	52.20	44.85	39.24	53.88	55.96	47.77	34.24
420	45.67	52.16	44.86	39.28	53.92	55.87	47.83	34.25
421	45.71	52.10	44.87	39.31	53.95	55.77	47.88	34.27
422	45.76	52.04	44.87	39.34	53.98	55.67	47.94	34.28
423	45.80	51.97	44.88	39.37	54.00	55.57	47.98	34.29
424	45.84	51.91	44.87	39.40	54.02	55.46	48.03	34.30
425	45.88	51.83	44.87	39.44	54.04	55.36	48.07	34.32
426	45.92	51.76	44.86	39.47	54.05	55.25	48.11	34.32
427	45.96	51.67	44.86	39.50	54.06	55.14	48.14	34.33
428	45.99	51.59	44.84	39.53	54.06	55.03	48.18	34.35
429	46.02	51.50	44.82	39.55	54.06	54.92	48.21	34.36
430	46.05	51.42	44.81	39.58	54.06	54.81	48.24	34.37
431	46.08	51.33	44.79	39.61	54.06	54.70	48.26	34.39
432	46.10	51.23	44.77	39.63	54.05	54.59	48.28	34.40
433	46.13	51.14	44.75	39.66	54.03	54.48	48.30	34.42
434	46.15	51.05	44.73	39.68	54.02	54.38	48.32	34.43
435	46.17	50.96	44.70	39.70	54.00	54.27	48.34	34.45
436	46.19	50.86	44.68	39.73	53.99	54.17	48.35	34.46
437	46.21	50.77	44.65	39.75	53.96	54.06	48.36	34.47
438	46.23	50.68	44.62	39.77	53.94	53.96	48.36	34.49
439	46.24	50.58	44.59	39.79	53.91	53.86	48.37	34.50
440	46.25	50.49	44.56	39.81	53.89	53.76	48.37	34.51
441	46.26	50.40	44.53	39.83	53.86	53.66	48.37	34.52
442	46.27	50.30	44.49	39.85	53.83	53.57	48.36	34.54
443	46.28	50.21	44.46	39.86	53.79	53.47	48.36	34.55
444	46.29	50.12	44.43	39.88	53.76	53.38	48.35	34.57
445	46.29	50.03	44.39	39.89	53.73	53.29	48.34	34.58
446	46.29	49.94	44.36	39.91	53.70	53.20	48.33	34.60
447	46.30	49.85	44.33	39.92	53.66	53.11	48.32	34.61
448	46.31	49.76	44.29	39.93	53.62	53.03	48.30	34.62
449	46.30	49.68	44.26	39.94	53.58	52.94	48.29	34.64
450	46.30	49.59	44.22	39.96	53.54	52.86	48.27	34.65
451	46.30	49.51	44.19	39.97	53.50	52.78	48.24	34.67
452	46.30	49.42	44.15	39.98	53.46	52.70	48.22	34.68
453	46.30	49.34	44.12	39.99	53.42	52.62	48.20	34.69
454	46.29	49.26	44.08	40.00	53.38	52.54	48.18	34.71
455	46.29	49.18	44.04	40.01	53.34	52.46	48.15	34.72
456	46.28	49.10	44.01	40.01	53.30	52.39	48.12	34.74
457	46.27	49.02	43.97	40.02	53.25	52.31	48.09	34.75
458	46.26	48.94	43.94	40.03	53.21	52.24	48.07	34.77
459	46.26	48.87	43.90	40.03	53.16	52.18	48.04	34.78
460	46.25	48.80	43.87	40.04	53.12	52.10	48.00	34.79
461	46.24	48.72	43.83	40.04	53.07	52.03	47.97	34.81
462	46.23	48.65	43.79	40.05	53.03	51.96	47.94	34.82
463	46.22	48.58	43.76	40.05	52.98	51.89	47.90	34.84
464	46.21	48.51	43.72	40.06	52.93	51.83	47.87	34.86
465	46.20	48.44	43.68	40.06	52.89	51.77	47.83	34.88
466	46.18	48.37	43.66	40.06	52.84	51.71	47.79	34.89
467	46.17	48.30	43.62	40.06	52.79	51.64	47.76	34.90
468	46.16	48.24	43.58	40.07	52.74	51.58	47.72	34.92
469	46.15	48.17	43.55	40.07	52.70	51.52	47.68	34.93
470	46.13	48.11	43.52	40.07	52.66	51.46	47.64	34.94
471	46.12	48.05	43.48	40.07	52.61	51.40	47.60	34.96
472	46.10	47.98	43.45	40.07	52.56	51.34	47.56	34.98
473	46.09	47.92	43.42	40.07	52.51	51.29	47.52	34.99
474	46.07	47.86	43.39	40.07	52.46	51.23	47.48	35.01
475	46.06	47.81	43.36	40.07	52.41	51.17	47.44	35.02
476	46.04	47.75	43.33	40.07	52.36	51.11	47.40	35.03
477	46.02	47.69	43.29	40.07	52.32	51.06	47.35	35.05
478	46.01	47.64	43.27	40.07	52.27	51.01	47.31	35.06
479	45.99	47.58	43.23	40.07	52.22	50.96	47.26	35.08
480	45.98	47.52	43.20	40.06	52.18	50.90	47.22	35.09
481	45.96	47.47	43.17	40.06	52.13	50.85	47.18	35.11
482	45.94	47.42	43.14	40.06	52.08	50.80	47.13	35.12
483	45.92	47.37	43.11	40.06	52.03	50.75	47.09	35.14
484	45.91	47.32	43.08	40.06	51.98	50.72	47.04	35.15
485	45.89	47.28	43.06	40.05	51.94	50.70	47.00	35.16
486	45.87	47.24	43.03	40.05	51.89	50.69	46.96	35.18
487	45.85	47.22	43.00	40.04	51.84	50.71	46.91	35.19
488	45.83	47.21	42.98	40.04	51.80	50.75	46.87	35.21
489	45.82	47.21	42.97	40.04	51.76	50.81	46.82	35.22
490	45.80	47.22	42.95	40.04	51.72	50.88	46.78	35.24
491	45.78	47.24	42.94	40.02	51.69	50.96	46.74	35.25
492	45.77	47.27	42.93	40.03	51.66	51.06	46.70	35.27
493	45.75	47.32	42.93	40.02	51.63	51.17	46.67	35.28
494	45.73	47.37	42.93	40.02	51.62	51.29	46.63	35.29
495	45.72	47.43	42.93	40.02	51.60	51.41	46.60	35.31
496	45.70	47.51	42.94	40.01	51.59	51.54	46.56	35.32
497	45.69	47.58	42.95	40.01	51.59	51.69	46.54	35.33
498	45.68	47.66	42.97	40.00	51.58	51.82	46.51	35.35
499	45.67	47.76	42.99	40.00	51.59	51.97	46.49	35.36
500	45.66	47.86	43.01	40.00	51.60	52.11	46.46	35.36
501	45.65	47.96	43.04	40.00	51.62	52.26	46.45	35.38
502	45.65	48.06	43.06	39.99	51.64	52.41	46.43	35.40
503	45.64	48.17	43.10	40.00	51.67	52.56	46.42	35.41
504	45.64	48.28	43.13	40.00	51.69	52.71	46.41	35.42
505	45.64	48.39	43.17	39.99	51.73	52.86	46.40	35.43
506	45.64	48.51	43.21	40.00	51.76	53.01	46.40	35.45
507	45.64	48.63	43.25	40.00	51.80	53.15	46.39	35.46
508	45.65	48.76	43.30	40.00	51.84	53.30	46.40	35.47
509	45.66	48.88	43.34	40.00	51.89	53.44	46.41	35.48
510	45.67	49.00	43.39	40.00	51.93	53.58	46.41	35.49
511	45.68	49.13	43.44	40.01	51.98	53.73	46.42	35.50
512	45.69	49.25	43.49	40.01	52.04	53.86	46.42	35.52
513	45.70	49.38	43.54	40.02	52.09	54.00	46.45	35.53
514	45.72	49.51	43.60	40.03	52.15	54.14	46.46	35.54
515	45.74	49.64	43.66	40.03	52.21	54.27	46.48	35.55
516	45.76	49.76	43.71	40.04	52.27	54.40	46.50	35.56
517	45.78	49.88	43.77	40.05	52.33	54.53	46.53	35.58
518	45.80	50.01	43.83	40.06	52.39	54.67	46.55	35.59
519	45.82	50.13	43.89	40.07	52.45	54.79	46.58	35.59
520	45.85	50.25	43.95	40.08	52.52	54.92	46.61	35.61
521	45.88	50.37	44.01	40.09	52.59	55.04	46.64	35.62
522	45.90	50.50	44.07	40.10	52.66	55.16	46.67	35.63
523	45.93	50.62	44.14	40.12	52.73	55.27	46.71	35.64
524	45.96	50.73	44.20	40.13	52.80	55.38	46.74	35.65
525	46.00	50.85	44.26	40.15	52.87	55.47	46.78	35.65
526	46.03	50.95	44.32	40.16	52.94	55.55	46.82	35.67
527	46.06	51.05	44.37	40.18	53.01	55.62	46.86	35.68
528	46.10	51.13	44.43	40.19	53.08	55.67	46.91	35.69
529	46.14	51.21	44.49	40.21	53.15	55.69	46.95	35.70
530	46.17	51.28	44.54	40.23	53.22	55.71	47.00	35.71
531	46.21	51.33	44.59	40.25	53.29	55.71	47.04	35.72
532	46.25	51.38	44.64	40.26	53.35	55.70	47.09	35.73
533	46.28	51.41	44.68	40.29	53.40	55.68	47.13	35.74
534	46.32	51.44	44.72	40.31	53.46	55.65	47.18	35.75
535	46.36	51.45	44.75	40.33	53.51	55.61	47.23	35.76
536	46.40	51.46	44.78	40.35	53.56	55.56	47.27	35.77
537	46.44	51.45	44.80	40.37	53.61	55.50	47.31	35.78
538	46.47	51.44	44.83	40.39	53.65	55.43	47.35	35.79
539	46.51	51.43	44.85	40.41	53.68	55.36	47.40	35.80
540	46.55	51.40	44.87	40.44	53.71	55.28	47.43	35.80
541	46.58	51.38	44.88	40.45	53.74	55.20	47.47	35.81
542	46.61	51.34	44.90	40.47	53.76	55.11	47.51	35.83
543	46.64	51.30	44.90	40.50	53.78	55.03	47.54	35.84
544	46.67	51.25	44.91	40.52	53.79	54.94	47.57	35.84
545	46.71	51.21	44.91	40.54	53.81	54.85	47.60	35.85
546	46.73	51.15	44.91	40.56	53.81	54.75	47.63	35.86
547	46.76	51.09	44.91	40.58	53.82	54.66	47.66	35.87
548	46.78	51.04	44.90	40.60	53.82	54.57	47.68	35.88
549	46.80	50.98	44.90	40.62	53.82	54.47	47.70	35.89
550	46.83	50.91	44.89	40.63	53.82	54.38	47.72	35.90
551	46.85	50.85	44.88	40.65	53.81	54.29	47.74	35.91
552	46.87	50.78	44.87	40.67	53.80	54.20	47.75	35.92
553	46.88	50.71	44.86	40.69	53.79	54.11	47.77	35.92
554	46.90	50.64	44.84	40.70	53.77	54.01	47.77	35.94
555	46.92	50.57	44.82	40.72	53.76	53.92	47.78	35.94
556	46.93	50.50	44.80	40.74	53.74	53.83	47.79	35.95
557	46.94	50.44	44.79	40.75	53.72	53.75	47.79	35.96
558	46.95	50.36	44.76	40.76	53.70	53.66	47.80	35.98
559	46.96	50.29	44.74	40.77	53.68	53.58	47.80	35.98
560	46.97	50.22	44.72	40.79	53.65	53.50	47.79	35.99
561	46.97	50.15	44.70	40.80	53.63	53.41	47.79	36.00
562	46.98	50.08	44.68	40.81	53.60	53.33	47.79	36.01
563	46.98	50.01	44.66	40.82	53.58	53.25	47.78	36.02
564	46.99	49.94	44.63	40.83	53.54	53.17	47.77	36.03
565	46.99	49.87	44.61	40.84	53.52	53.10	47.76	36.04
566	46.99	49.80	44.58	40.85	53.48	53.02	47.76	36.05
567	46.98	49.73	44.56	40.86	53.45	52.94	47.74	36.06
568	46.99	49.66	44.53	40.87	53.42	52.86	47.73	36.07
569	46.98	49.60	44.50	40.88	53.38	52.80	47.71	36.08
570	46.98	49.53	44.48	40.88	53.35	52.74	47.69	36.09
571	46.97	49.47	44.45	40.89	53.31	52.69	47.68	36.09
572	46.97	49.42	44.42	40.90	53.27	52.66	47.66	36.11
573	46.96	49.38	44.40	40.90	53.24	52.65	47.64	36.12
574	46.96	49.35	44.38	40.91	53.20	52.67	47.62	36.12
575	46.95	49.33	44.37	40.92	53.17	52.69	47.60	36.13
576	46.94	49.32	44.35	40.92	53.14	52.75	47.58	36.14
577	46.93	49.32	44.34	40.92	53.11	52.81	47.56	36.15
578	46.93	49.33	44.33	40.92	53.09	52.88	47.54	36.16
579	46.92	49.36	44.32	40.93	53.07	52.97	47.52	36.17
580	46.91	49.39	44.32	40.93	53.05	53.07	47.50	36.19
581	46.90	49.44	44.33	40.93	53.04	53.18	47.48	36.19
582	46.90	49.48	44.33	40.94	53.04	53.30	47.47	36.20
583	46.88	49.55	44.34	40.94	53.03	53.41	47.46	36.21
584	46.88	49.61	44.35	40.94	53.04	53.54	47.45	36.22
585	46.88	49.69	44.37	40.94	53.05	53.66	47.44	36.23
586	46.87	49.77	44.39	40.95	53.06	53.80	47.43	36.24
587	46.87	49.85	44.41	40.95	53.08	53.93	47.42	36.25
588	46.87	49.94	44.43	40.95	53.10	54.07	47.42	36.26
589	46.87	50.04	44.47	40.96	53.13	54.20	47.42	36.27
590	46.87	50.13	44.49	40.96	53.16	54.34	47.42	36.28
591	46.87	50.24	44.53	40.97	53.19	54.48	47.43	36.29
592	46.88	50.34	44.57	40.97	53.23	54.62	47.44	36.30
593	46.89	50.45	44.61	40.97	53.27	54.75	47.44	36.31
594	46.90	50.55	44.65	40.98	53.31	54.90	47.46	36.32
595	46.90	50.67	44.69	40.99	53.36	55.03	47.47	36.33
596	46.92	50.78	44.74	40.99	53.40	55.17	47.48	36.33
597	46.93	50.89	44.79	41.01	53.45	55.30	47.50	36.35
598	46.95	51.00	44.83	41.01	53.50	55.43	47.52	36.36
599	46.97	51.12	44.88	41.02	53.56	55.56	47.54	36.36
600	46.98	51.22	44.93	41.02	53.61	55.68	47.56	36.38
601	47.00	51.35	44.99	41.04	53.67	55.81	47.59	36.39
602	47.02	51.45	45.04	41.04	53.74	55.94	47.62	36.39
603	47.04	51.58	45.09	41.06	53.80	56.06	47.65	36.40
604	47.07	51.69	45.15	41.07	53.86	56.18	47.68	36.41
605	47.09	51.80	45.21	41.09	53.92	56.30	47.71	36.42
606	47.12	51.91	45.26	41.10	53.99	56.42	47.75	36.43
607	47.15	52.02	45.32	41.11	54.05	56.54	47.79	36.44
608	47.18	52.14	45.38	41.13	54.12	56.65	47.83	36.45
609	47.21	52.25	45.44	41.14	54.19	56.76	47.87	36.46
610	47.24	52.36	45.50	41.16	54.26	56.88	47.91	36.47
611	47.27	52.46	45.56	41.18	54.33	56.99	47.95	36.48
612	47.30	52.57	45.62	41.19	54.40	57.09	48.00	36.48
613	47.34	52.68	45.68	41.21	54.48	57.20	48.05	36.50
614	47.37	52.79	45.74	41.23	54.54	57.30	48.09	36.50
615	47.41	52.89	45.81	41.25	54.62	57.41	48.14	36.51
616	47.45	53.00	45.87	41.27	54.69	57.51	48.19	36.52
617	47.48	53.10	45.93	41.29	54.77	57.60	48.25	36.53
618	47.52	53.20	45.99	41.31	54.84	57.70	48.29	36.55
619	47.56	53.30	46.05	41.33	54.91	57.80	48.35	36.55
620	47.60	53.40	46.11	41.35	54.99	57.90	48.41	36.56
621	47.64	53.50	46.18	41.38	55.06	58.00	48.46	36.57
622	47.68	53.59	46.24	41.40	55.14	58.09	48.52	36.58
623	47.72	53.69	46.30	41.42	55.21	58.18	48.57	36.59
624	47.76	53.79	46.36	41.45	55.29	58.27	48.63	36.60
625	47.81	53.88	46.42	41.46	55.37	58.36	48.69	36.61
626	47.85	53.97	46.49	41.49	55.44	58.45	48.75	36.61
627	47.90	54.07	46.55	41.52	55.51	58.53	48.81	36.62
628	47.94	54.15	46.61	41.55	55.59	58.62	48.87	36.63
629	47.98	54.24	46.67	41.57	55.66	58.71	48.93	36.64
630	48.03	54.33	46.73	41.60	55.74	58.79	49.00	36.65
631	48.07	54.42	46.79	41.62	55.81	58.88	49.06	36.66
632	48.12	54.50	46.85	41.65	55.89	58.96	49.12	36.67
633	48.16	54.59	46.91	41.68	55.97	59.04	49.18	36.68
634	48.21	54.67	46.97	41.70	56.04	59.12	49.25	36.69
635	48.26	54.75	47.03	41.73	56.12	59.20	49.31	36.70
636	48.30	54.84	47.09	41.76	56.19	59.28	49.37	36.71
637	48.35	54.92	47.15	41.79	56.27	59.36	49.44	36.72
638	48.40	55.00	47.20	41.81	56.35	59.43	49.51	36.73
639	48.44	55.08	47.26	41.84	56.42	59.51	49.57	36.74
640	48.49	55.16	47.32	41.87	56.49	59.58	49.64	36.75
641	48.54	55.24	47.38	41.90	56.57	59.66	49.70	36.76
642	48.58	55.31	47.44	41.93	56.64	59.73	49.77	36.77
643	48.63	55.39	47.49	41.96	56.72	59.80	49.84	36.78
644	48.68	55.46	47.55	41.99	56.79	59.87	49.91	36.79
645	48.73	55.53	47.60	42.02	56.86	59.93	49.98	36.79
646	48.77	55.59	47.66	42.05	56.93	59.97	50.04	36.81
647	48.82	55.65	47.71	42.08	57.01	60.00	50.10	36.82
648	48.87	55.69	47.75	42.11	57.08	60.02	50.17	36.83
649	48.92	55.73	47.80	42.14	57.15	60.02	50.23	36.84
650	48.97	55.76	47.84	42.17	57.22	60.01	50.30	36.85
651	49.01	55.77	47.89	42.21	57.29	59.98	50.37	36.86
652	49.07	55.78	47.92	42.24	57.34	59.94	50.43	36.87
653	49.11	55.78	47.95	42.27	57.40	59.89	50.49	36.87
654	49.16	55.76	47.98	42.30	57.46	59.83	50.55	36.89
655	49.21	55.74	48.00	42.33	57.51	59.76	50.62	36.90
656	49.25	55.71	48.03	42.36	57.55	59.68	50.67	36.91
657	49.29	55.68	48.05	42.39	57.59	59.60	50.72	36.92
658	49.34	55.63	48.06	42.42	57.63	59.51	50.78	36.93
659	49.38	55.58	48.07	42.45	57.66	59.41	50.83	36.94
660	49.42	55.52	48.08	42.49	57.69	59.31	50.88	36.95
661	49.46	55.46	48.08	42.51	57.71	59.21	50.93	36.96
662	49.49	55.39	48.08	42.54	57.73	59.11	50.97	36.97
663	49.53	55.32	48.08	42.57	57.74	59.00	51.01	36.98
664	49.57	55.24	48.08	42.60	57.75	58.89	51.05	36.99
665	49.60	55.16	48.06	42.62	57.76	58.78	51.08	37.00
666	49.63	55.08	48.05	42.65	57.76	58.66	51.11	37.02
667	49.66	54.99	48.04	42.67	57.76	58.55	51.14	37.03
668	49.68	54.90	48.03	42.70	57.76	58.43	51.17	37.04
669	49.71	54.81	48.01	42.73	57.75	58.32	51.20	37.05
670	49.73	54.72	47.99	42.75	57.73	58.21	51.22	37.06
671	49.76	54.63	47.97	42.77	57.72	58.09	51.24	37.07
672	49.77	54.53	47.94	42.80	57.71	57.98	51.25	37.09
673	49.79	54.43	47.91	42.82	57.69	57.87	51.26	37.10
674	49.80	54.34	47.89	42.84	57.67	57.75	51.27	37.11
675	49.82	54.24	47.86	42.85	57.64	57.65	51.29	37.12
676	49.84	54.15	47.83	42.87	57.62	57.54	51.29	37.13
677	49.84	54.05	47.80	42.90	57.59	57.44	51.29	37.14
678	49.85	53.95	47.77	42.91	57.56	57.33	51.29	37.15
679	49.87	53.86	47.74	42.93	57.53	57.22	51.29	37.16
680	49.87	53.76	47.70	42.95	57.50	57.12	51.28	37.18
681	49.87	53.67	47.67	42.96	57.46	57.02	51.28	37.19
682	49.88	53.57	47.64	42.98	57.42	56.92	51.26	37.20
683	49.88	53.48	47.60	42.99	57.38	56.82	51.26	37.21
684	49.88	53.38	47.56	43.01	57.34	56.73	51.25	37.23
685	49.88	53.30	47.53	43.02	57.30	56.63	51.22	37.24
686	49.88	53.20	47.49	43.03	57.27	56.54	51.21	37.25
687	49.88	53.11	47.46	43.04	57.22	56.45	51.19	37.26
688	49.88	53.02	47.41	43.05	57.18	56.36	51.17	37.28
689	49.87	52.93	47.37	43.06	57.14	56.27	51.15	37.29
690	49.86	52.85	47.34	43.07	57.09	56.18	51.13	37.30
691	49.86	52.76	47.30	43.07	57.05	56.10	51.10	37.32
692	49.85	52.68	47.26	43.09	57.00	56.02	51.08	37.33
693	49.84	52.59	47.22	43.09	56.95	55.94	51.05	37.34
694	49.83	52.51	47.18	43.09	56.90	55.86	51.02	37.35
695	49.82	52.43	47.14	43.10	56.86	55.78	50.99	37.37
696	49.81	52.35	47.10	43.11	56.81	55.70	50.96	37.38
697	49.80	52.26	47.06	43.11	56.76	55.62	50.93	37.40
698	49.78	52.19	47.03	43.12	56.71	55.55	50.89	37.41
699	49.77	52.11	46.99	43.12	56.66	55.47	50.86	37.42
700	49.76	52.03	46.95	43.12	56.61	55.40	50.82	37.44
701	49.74	51.96	46.91	43.12	56.56	55.33	50.78	37.45
702	49.73	51.88	46.87	43.13	56.51	55.26	50.75	37.46
703	49.71	51.81	46.84	43.12	56.46	55.19	50.71	37.47
704	49.70	51.74	46.80	43.13	56.41	55.12	50.67	37.49
705	49.68	51.67	46.77	43.13	56.36	55.05	50.63	37.50
706	49.66	51.60	46.72	43.13	56.31	54.99	50.59	37.51
707	49.65	51.53	46.69	43.13	56.25	54.92	50.55	37.53
708	49.63	51.47	46.65	43.13	56.20	54.86	50.50	37.54
709	49.61	51.39	46.62	43.13	56.15	54.79	50.46	37.55
710	49.59	51.33	46.58	43.13	56.10	54.73	50.42	37.57
711	49.57	51.27	46.54	43.12	56.04	54.67	50.38	37.58
712	49.56	51.20	46.51	43.12	56.00	54.60	50.33	37.59
713	49.54	51.14	46.47	43.12	55.94	54.55	50.29	37.60
714	49.52	51.08	46.44	43.11	55.89	54.49	50.24	37.62
715	49.50	51.02	46.41	43.11	55.84	54.43	50.20	37.64
716	49.47	50.96	46.37	43.11	55.79	54.37	50.16	37.65
717	49.46	50.90	46.34	43.11	55.73	54.31	50.11	37.66
718	49.43	50.84	46.30	43.10	55.68	54.25	50.07	37.67
719	49.41	50.78	46.27	43.10	55.63	54.20	50.02	37.69
720	49.39	50.73	46.24	43.09	55.58	54.14	49.97	37.70
721	49.37	50.67	46.20	43.09	55.52	54.09	49.92	37.71
722	49.35	50.62	46.17	43.08	55.48	54.03	49.88	37.72
723	49.33	50.56	46.14	43.08	55.42	53.98	49.83	37.73
724	49.31	50.51	46.10	43.07	55.37	53.93	49.78	37.75
725	49.29	50.47	46.08	43.07	55.32	53.89	49.73	37.76
726	49.26	50.42	46.04	43.06	55.27	53.87	49.69	37.77
727	49.24	50.39	46.02	43.06	55.22	53.87	49.64	37.79
728	49.22	50.36	45.99	43.05	55.16	53.88	49.59	37.80
729	49.20	50.35	45.97	43.04	55.12	53.92	49.55	37.81
730	49.18	50.35	45.95	43.03	55.07	53.97	49.50	37.82
731	49.16	50.36	45.93	43.03	55.03	54.04	49.46	37.84
732	49.13	50.38	45.92	43.02	54.99	54.12	49.41	37.84
733	49.11	50.41	45.91	43.02	54.96	54.22	49.37	37.86
734	49.09	50.45	45.91	43.01	54.93	54.33	49.33	37.87
735	49.07	50.51	45.91	43.00	54.91	54.44	49.29	37.88
736	49.05	50.56	45.91	43.00	54.89	54.56	49.25	37.89
737	49.04	50.63	45.91	43.00	54.88	54.68	49.22	37.91
738	49.02	50.71	45.92	42.99	54.87	54.82	49.19	37.92
739	49.00	50.79	45.94	42.98	54.87	54.95	49.16	37.93
740	48.99	50.88	45.95	42.97	54.87	55.09	49.14	37.94
741	48.98	50.98	45.98	42.97	54.87	55.23	49.12	37.95
742	48.96	51.07	46.00	42.97	54.89	55.38	49.10	37.96
743	48.95	51.17	46.03	42.96	54.90	55.52	49.08	37.98
744	48.94	51.28	46.05	42.96	54.92	55.67	49.06	37.99
745	48.94	51.39	46.09	42.95	54.94	55.81	49.05	38.00
746	48.93	51.50	46.12	42.95	54.97	55.96	49.04	38.01
747	48.93	51.62	46.16	42.95	55.01	56.10	49.04	38.01
748	48.93	51.74	46.20	42.95	55.04	56.24	49.03	38.03
749	48.93	51.85	46.24	42.95	55.07	56.39	49.03	38.04
750	48.94	51.97	46.29	42.95	55.12	56.53	49.03	38.05
751	48.94	52.09	46.33	42.95	55.16	56.67	49.04	38.06
752	48.95	52.22	46.38	42.95	55.21	56.81	49.05	38.07
753	48.96	52.34	46.43	42.95	55.26	56.94	49.06	38.08
754	48.97	52.46	46.48	42.95	55.31	57.08	49.07	38.09
755	48.98	52.59	46.53	42.96	55.36	57.21	49.08	38.10
756	48.99	52.70	46.59	42.96	55.42	57.34	49.10	38.11
757	49.01	52.82	46.65	42.97	55.47	57.47	49.13	38.12
758	49.03	52.95	46.70	42.98	55.53	57.59	49.14	38.12
759	49.04	53.07	46.76	42.98	55.59	57.72	49.17	38.13
760	49.07	53.19	46.82	42.99	55.65	57.84	49.19	38.14
761	49.09	53.31	46.88	43.00	55.71	57.96	49.22	38.15
762	49.11	53.43	46.94	43.01	55.77	58.08	49.25	38.16
763	49.13	53.54	47.00	43.02	55.84	58.20	49.29	38.18
764	49.16	53.66	47.06	43.03	55.90	58.31	49.32	38.18
765	49.18	53.78	47.11	43.04	55.97	58.42	49.36	38.19
766	49.22	53.89	47.18	43.06	56.04	58.53	49.40	38.20
767	49.24	54.01	47.24	43.07	56.11	58.64	49.43	38.20
768	49.27	54.12	47.30	43.08	56.17	58.75	49.48	38.22
769	49.30	54.23	47.37	43.10	56.24	58.86	49.52	38.22
770	49.34	54.34	47.43	43.11	56.32	58.96	49.56	38.23
771	49.36	54.45	47.49	43.13	56.38	59.07	49.61	38.24
772	49.40	54.56	47.55	43.14	56.46	59.16	49.65	38.25
773	49.43	54.67	47.62	43.16	56.53	59.26	49.70	38.25
774	49.47	54.77	47.68	43.18	56.60	59.36	49.75	38.26
775	49.51	54.87	47.74	43.20	56.67	59.45	49.80	38.27
776	49.55	54.98	47.81	43.22	56.74	59.55	49.85	38.28
777	49.58	55.07	47.86	43.24	56.82	59.64	49.90	38.29
778	49.62	55.18	47.93	43.25	56.89	59.73	49.96	38.30
779	49.66	55.27	47.99	43.27	56.96	59.83	50.01	38.30
780	49.70	55.37	48.06	43.30	57.04	59.91	50.06	38.31
781	49.74	55.47	48.11	43.32	57.11	60.00	50.12	38.32
782	49.78	55.56	48.18	43.34	57.18	60.10	50.18	38.33
783	49.81	55.65	48.24	43.36	57.26	60.18	50.23	38.34
784	49.86	55.74	48.30	43.39	57.33	60.27	50.29	38.34
785	49.90	55.84	48.37	43.41	57.40	60.35	50.35	38.35
786	49.94	55.93	48.42	43.43	57.47	60.43	50.41	38.36
787	49.98	56.01	48.49	43.46	57.55	60.52	50.47	38.37
788	50.03	56.10	48.55	43.48	57.62	60.60	50.53	38.37
789	50.07	56.19	48.61	43.50	57.69	60.68	50.59	38.38
790	50.11	56.27	48.67	43.53	57.77	60.76	50.65	38.39
791	50.15	56.36	48.73	43.56	57.84	60.84	50.72	38.39
792	50.20	56.44	48.79	43.58	57.91	60.92	50.78	38.40
793	50.24	56.52	48.85	43.61	57.98	60.99	50.85	38.41
794	50.29	56.60	48.91	43.63	58.06	61.07	50.91	38.42
795	50.33	56.68	48.97	43.66	58.13	61.14	50.97	38.42
796	50.37	56.76	49.02	43.69	58.20	61.22	51.04	38.43
797	50.42	56.84	49.08	43.71	58.27	61.30	51.10	38.44
798	50.46	56.92	49.14	43.74	58.35	61.36	51.17	38.45
799	50.51	56.99	49.20	43.77	58.42	61.43	51.23	38.46
800	50.56	57.07	49.26	43.80	58.49	61.51	51.30	38.46
801	50.60	57.14	49.31	43.83	58.56	61.58	51.37	38.47
802	50.65	57.21	49.37	43.86	58.63	61.64	51.43	38.48
803	50.69	57.28	49.43	43.88	58.70	61.71	51.50	38.49
804	50.74	57.35	49.48	43.91	58.78	61.77	51.56	38.50
805	50.78	57.41	49.53	43.94	58.85	61.82	51.63	38.51
806	50.82	57.47	49.59	43.97	58.92	61.86	51.70	38.51
807	50.87	57.52	49.64	44.00	58.99	61.87	51.76	38.52
808	50.92	57.55	49.68	44.03	59.06	61.88	51.82	38.53
809	50.96	57.58	49.73	44.06	59.12	61.87	51.89	38.54
810	51.01	57.60	49.77	44.09	59.18	61.85	51.96	38.55
811	51.05	57.62	49.80	44.12	59.26	61.82	52.01	38.55
812	51.10	57.61	49.84	44.15	59.30	61.76	52.08	38.56
813	51.14	57.60	49.87	44.18	59.36	61.71	52.14	38.57
814	51.19	57.59	49.90	44.21	59.40	61.64	52.20	38.58
815	51.23	57.55	49.92	44.24	59.45	61.56	52.26	38.59
816	51.27	57.52	49.94	44.27	59.49	61.48	52.31	38.59
817	51.31	57.48	49.95	44.30	59.52	61.39	52.37	38.60
818	51.36	57.43	49.97	44.32	59.56	61.31	52.42	38.61
819	51.39	57.38	49.98	44.36	59.58	61.20	52.47	38.62
820	51.43	57.31	49.98	44.38	59.60	61.09	52.52	38.64
821	51.46	57.25	49.98	44.41	59.62	60.99	52.56	38.64
822	51.50	57.17	49.98	44.44	59.63	60.87	52.60	38.65
823	51.53	57.10	49.98	44.47	59.65	60.77	52.64	38.66
824	51.56	57.02	49.96	44.49	59.65	60.65	52.68	38.67
825	51.59	56.93	49.96	44.52	59.65	60.54	52.71	38.67
826	51.62	56.85	49.94	44.54	59.65	60.42	52.74	38.69
827	51.64	56.76	49.93	44.57	59.64	60.31	52.77	38.70
828	51.67	56.67	49.91	44.59	59.64	60.19	52.79	38.71
829	51.69	56.58	49.89	44.61	59.63	60.07	52.81	38.72
830	51.71	56.48	49.87	44.64	59.61	59.96	52.83	38.72
831	51.73	56.39	49.84	44.66	59.59	59.84	52.85	38.74
832	51.74	56.29	49.82	44.68	59.57	59.73	52.86	38.74
833	51.76	56.20	49.79	44.70	59.55	59.61	52.87	38.76
834	51.77	56.10	49.76	44.72	59.52	59.51	52.88	38.77
835	51.78	56.00	49.73	44.74	59.50	59.40	52.89	38.77
836	51.79	55.91	49.70	44.76	59.47	59.29	52.89	38.79
837	51.80	55.81	49.67	44.77	59.44	59.18	52.89	38.80
838	51.81	55.71	49.63	44.79	59.41	59.07	52.89	38.80
839	51.81	55.62	49.60	44.80	59.37	58.97	52.88	38.82
840	51.81	55.52	49.56	44.82	59.34	58.87	52.88	38.82
841	51.82	55.43	49.53	44.83	59.30	58.77	52.87	38.84
842	51.82	55.33	49.49	44.84	59.26	58.67	52.86	38.85
843	51.82	55.24	49.45	44.86	59.22	58.57	52.85	38.86
844	51.81	55.15	49.41	44.87	59.18	58.47	52.83	38.87
845	51.81	55.05	49.38	44.88	59.14	58.38	52.81	38.88
846	51.81	54.96	49.34	44.89	59.09	58.28	52.79	38.89
847	51.80	54.87	49.30	44.90	59.05	58.19	52.77	38.90
848	51.79	54.78	49.26	44.90	59.01	58.10	52.75	38.91
849	51.79	54.69	49.22	44.91	58.96	58.01	52.73	38.93
850	51.78	54.60	49.18	44.92	58.91	57.92	52.70	38.94
851	51.77	54.52	49.14	44.92	58.86	57.83	52.68	38.95
852	51.76	54.43	49.10	44.93	58.81	57.75	52.65	38.96
853	51.75	54.35	49.06	44.94	58.76	57.67	52.62	38.97
854	51.74	54.26	49.02	44.94	58.71	57.58	52.59	38.99
855	51.73	54.18	48.98	44.94	58.66	57.51	52.56	39.00
856	51.71	54.10	48.94	44.94	58.61	57.42	52.53	39.01
857	51.70	54.02	48.90	44.95	58.56	57.35	52.49	39.02
858	51.68	53.94	48.86	44.95	58.51	57.27	52.46	39.04
859	51.67	53.86	48.82	44.95	58.46	57.20	52.42	39.04
860	51.65	53.78	48.78	44.96	58.40	57.12	52.38	39.06
861	51.64	53.71	48.74	44.95	58.36	57.05	52.34	39.07
862	51.62	53.64	48.70	44.96	58.30	56.97	52.30	39.08
863	51.60	53.57	48.66	44.95	58.25	56.90	52.27	39.09
864	51.58	53.49	48.62	44.95	58.19	56.83	52.23	39.10
865	51.57	53.42	48.58	44.95	58.14	56.76	52.18	39.12
866	51.55	53.35	48.54	44.95	58.09	56.69	52.14	39.13
867	51.53	53.29	48.50	44.94	58.03	56.62	52.10	39.14
868	51.51	53.21	48.46	44.95	57.98	56.56	52.06	39.15
869	51.49	53.15	48.43	44.94	57.92	56.49	52.01	39.16
870	51.47	53.08	48.39	44.94	57.87	56.43	51.97	39.17
871	51.44	53.02	48.35	44.93	57.81	56.37	51.92	39.19
872	51.42	52.95	48.31	44.93	57.76	56.30	51.88	39.20
873	51.41	52.89	48.28	44.93	57.71	56.24	51.83	39.21
874	51.38	52.82	48.24	44.93	57.65	56.18	51.79	39.22
875	51.36	52.77	48.21	44.92	57.59	56.12	51.75	39.24
876	51.34	52.71	48.17	44.91	57.55	56.05	51.70	39.25
877	51.32	52.65	48.14	44.91	57.49	56.00	51.65	39.26
878	51.30	52.58	48.10	44.90	57.43	55.94	51.60	39.27
879	51.27	52.53	48.07	44.89	57.38	55.88	51.56	39.28
880	51.25	52.47	48.03	44.89	57.33	55.82	51.51	39.29
881	51.23	52.42	47.99	44.88	57.27	55.77	51.46	39.30
882	51.20	52.36	47.96	44.88	57.22	55.71	51.41	39.31
883	51.18	52.31	47.93	44.87	57.16	55.65	51.36	39.33
884	51.16	52.25	47.89	44.86	57.11	55.61	51.32	39.34
885	51.14	52.21	47.86	44.86	57.06	55.59	51.27	39.35
886	51.11	52.18	47.83	44.85	57.00	55.59	51.22	39.36
887	51.09	52.15	47.81	44.84	56.95	55.60	51.17	39.37
888	51.06	52.14	47.78	44.83	56.90	55.63	51.12	39.38
889	51.03	52.13	47.75	44.82	56.85	55.67	51.08	39.40
890	51.01	52.13	47.73	44.81	56.80	55.74	51.03	39.41
891	50.98	52.15	47.70	44.81	56.76	55.81	50.98	39.41
892	50.95	52.18	47.69	44.80	56.72	55.91	50.94	39.43
893	50.93	52.21	47.68	44.79	56.69	56.00	50.89	39.44
894	50.90	52.25	47.67	44.77	56.67	56.11	50.86	39.45
895	50.87	52.31	47.67	44.77	56.64	56.23	50.82	39.46
896	50.85	52.37	47.67	44.75	56.63	56.35	50.78	39.47
897	50.83	52.44	47.67	44.75	56.61	56.48	50.75	39.48
898	50.81	52.52	47.68	44.74	56.61	56.61	50.72	39.49
899	50.79	52.61	47.69	44.73	56.60	56.74	50.69	39.50
900	50.77	52.69	47.71	44.72	56.61	56.89	50.66	39.51
901	50.76	52.79	47.73	44.71	56.61	57.02	50.64	39.52
902	50.75	52.88	47.75	44.71	56.63	57.17	50.62	39.53
903	50.73	52.99	47.78	44.70	56.64	57.31	50.61	39.53
904	50.72	53.09	47.81	44.70	56.67	57.45	50.59	39.55
905	50.72	53.20	47.84	44.69	56.69	57.59	50.58	39.55
906	50.71	53.31	47.87	44.69	56.72	57.73	50.58	39.57
907	50.71	53.43	47.91	44.68	56.75	57.87	50.57	39.58
908	50.70	53.53	47.95	44.68	56.79	58.01	50.57	39.58
909	50.71	53.66	47.99	44.68	56.82	58.15	50.57	39.60
910	50.71	53.77	48.03	44.68	56.87	58.28	50.58	39.60
911	50.71	53.89	48.08	44.68	56.91	58.41	50.58	39.61
912	50.72	54.00	48.13	44.68	56.95	58.55	50.59	39.62
913	50.73	54.13	48.17	44.68	57.00	58.68	50.60	39.63
914	50.73	54.24	48.22	44.68	57.05	58.80	50.62	39.64
915	50.75	54.36	48.27	44.68	57.10	58.93	50.63	39.65
916	50.76	54.47	48.32	44.69	57.15	59.06	50.65	39.66
917	50.77	54.59	48.37	44.69	57.21	59.18	50.67	39.66
918	50.79	54.71	48.43	44.70	57.26	59.30	50.69	39.67
919	50.80	54.82	48.48	44.70	57.32	59.42	50.72	39.68
920	50.82	54.94	48.54	44.71	57.38	59.53	50.74	39.69
921	50.84	55.05	48.60	44.72	57.44	59.65	50.77	39.70
922	50.86	55.17	48.65	44.72	57.50	59.77	50.81	39.70
923	50.89	55.29	48.71	44.73	57.56	59.88	50.84	39.71
924	50.91	55.40	48.77	44.74	57.62	59.99	50.87	39.72
925	50.93	55.50	48.83	44.75	57.69	60.09	50.91	39.73
926	50.96	55.62	48.89	44.77	57.75	60.20	50.95	39.73
927	50.98	55.72	48.95	44.78	57.82	60.31	50.98	39.74
928	51.02	55.83	49.00	44.79	57.88	60.41	51.03	39.75
929	51.04	55.94	49.07	44.80	57.95	60.51	51.07	39.76
930	51.07	56.04	49.13	44.82	58.02	60.61	51.11	39.76
931	51.10	56.15	49.18	44.83	58.08	60.71	51.15	39.77
932	51.13	56.25	49.25	44.85	58.15	60.80	51.20	39.78
933	51.17	56.35	49.31	44.86	58.22	60.90	51.25	39.78
934	51.20	56.45	49.37	44.88	58.29	60.99	51.30	39.79
935	51.23	56.54	49.43	44.90	58.36	61.08	51.34	39.80
936	51.27	56.65	49.49	44.91	58.43	61.17	51.40	39.81
937	51.30	56.74	49.55	44.93	58.50	61.27	51.45	39.81
938	51.34	56.84	49.61	44.95	58.56	61.35	51.50	39.82
939	51.37	56.93	49.67	44.97	58.64	61.44	51.55	39.83
940	51.41	57.02	49.73	44.99	58.70	61.52	51.61	39.84
941	51.45	57.11	49.79	45.01	58.78	61.61	51.66	39.84
942	51.49	57.20	49.85	45.03	58.84	61.69	51.72	39.85
943	51.52	57.29	49.91	45.05	58.92	61.78	51.78	39.86
944	51.56	57.38	49.97	45.07	58.99	61.86	51.84	39.87
945	51.60	57.46	50.03	45.09	59.06	61.94	51.89	39.87
946	51.64	57.55	50.08	45.12	59.13	62.02	51.95	39.88
947	51.68	57.63	50.14	45.14	59.20	62.10	52.01	39.88
948	51.72	57.72	50.20	45.16	59.27	62.18	52.07	39.89
949	51.76	57.79	50.26	45.18	59.34	62.25	52.13	39.89
950	51.80	57.88	50.32	45.21	59.41	62.32	52.19	39.90
951	51.84	57.96	50.37	45.23	59.48	62.40	52.25	39.91
952	51.88	58.04	50.43	45.25	59.55	62.47	52.31	39.92
953	51.92	58.11	50.49	45.28	59.62	62.55	52.38	39.92
954	51.96	58.19	50.54	45.30	59.69	62.62	52.44	39.93
955	52.00	58.26	50.60	45.33	59.76	62.69	52.50	39.94
956	52.04	58.34	50.66	45.36	59.83	62.76	52.57	39.95
957	52.08	58.41	50.71	45.38	59.90	62.83	52.63	39.95
958	52.12	58.49	50.77	45.41	59.97	62.90	52.69	39.96
959	52.16	58.55	50.83	45.44	60.04	62.98	52.75	39.97
960	52.21	58.63	50.88	45.46	60.11	63.04	52.82	39.98
961	52.25	58.70	50.93	45.49	60.18	63.11	52.88	39.98
962	52.29	58.77	50.99	45.51	60.24	63.18	52.95	39.99
963	52.33	58.83	51.04	45.54	60.32	63.24	53.02	39.99
964	52.38	58.90	51.09	45.57	60.38	63.30	53.08	40.00
965	52.42	58.96	51.14	45.60	60.45	63.34	53.14	40.02
966	52.46	59.01	51.19	45.62	60.52	63.38	53.21	40.02
967	52.50	59.06	51.24	45.65	60.58	63.39	53.27	40.03
968	52.54	59.09	51.28	45.68	60.65	63.40	53.33	40.03
969	52.59	59.12	51.33	45.71	60.71	63.38	53.40	40.04
970	52.63	59.13	51.36	45.73	60.77	63.36	53.46	40.05
971	52.67	59.14	51.40	45.76	60.83	63.32	53.52	40.05
972	52.71	59.14	51.43	45.79	60.89	63.27	53.58	40.06
973	52.75	59.12	51.46	45.82	60.94	63.21	53.64	40.07
974	52.80	59.10	51.48	45.85	60.98	63.14	53.69	40.08
975	52.84	59.07	51.50	45.88	61.02	63.06	53.75	40.09
976	52.87	59.03	51.52	45.91	61.07	62.98	53.80	40.09
977	52.91	58.99	51.53	45.93	61.09	62.89	53.86	40.10
978	52.95	58.93	51.54	45.96	61.12	62.79	53.91	40.11
979	52.98	58.87	51.54	45.99	61.15	62.69	53.96	40.12
980	53.01	58.81	51.55	46.01	61.17	62.58	54.00	40.12
981	53.05	58.74	51.54	46.04	61.18	62.47	54.05	40.13
982	53.08	58.66	51.54	46.06	61.20	62.36	54.08	40.14
983	53.11	58.58	51.53	46.09	61.21	62.24	54.12	40.15
984	53.14	58.50	51.52	46.11	61.21	62.13	54.15	40.16
985	53.16	58.41	51.51	46.14	61.21	62.01	54.19	40.17
986	53.19	58.32	51.49	46.16	61.20	61.89	54.22	40.18
987	53.21	58.23	51.47	46.18	61.19	61.77	54.24	40.18
988	53.23	58.14	51.45	46.21	61.18	61.66	54.26	40.20
989	53.25	58.04	51.43	46.23	61.17	61.54	54.28	40.20
990	53.26	57.94	51.40	46.25	61.15	61.42	54.30	40.21
991	53.28	57.85	51.37	46.27	61.13	61.31	54.31	40.22
992	53.29	57.75	51.34	46.29	61.11	61.19	54.32	40.23
993	53.31	57.65	51.31	46.31	61.08	61.08	54.33	40.24
994	53.31	57.54	51.28	46.32	61.06	60.96	54.34	40.25
995	53.32	57.44	51.24	46.34	61.03	60.85	54.34	40.26
996	53.33	57.35	51.21	46.35	61.00	60.73	54.35	40.27
997	53.33	57.24	51.17	46.37	60.96	60.62	54.34	40.28
998	53.33	57.14	51.13	46.38	60.93	60.51	54.33	40.29
999	53.34	57.04	51.10	46.40	60.89	60.41	54.33	40.30
1000	53.34	56.94	51.06	46.41	60.85	60.30	54.32	40.31
1001	53.34	56.84	51.02	46.42	60.81	60.20	54.31	40.32
1002	53.33	56.75	50.98	46.43	60.77	60.09	54.29	40.33
1003	53.33	56.65	50.94	46.44	60.73	60.00	54.28	40.34
1004	53.33	56.56	50.90	46.45	60.68	59.89	54.26	40.35
1005	53.32	56.46	50.86	46.46	60.64	59.80	54.24	40.36
1006	53.32	56.36	50.81	46.46	60.59	59.70	54.22	40.37
1007	53.30	56.26	50.77	46.47	60.54	59.60	54.20	40.38
1008	53.30	56.18	50.73	46.48	60.49	59.51	54.17	40.39
1009	53.28	56.08	50.68	46.48	60.44	59.42	54.15	40.40
1010	53.28	55.99	50.64	46.49	60.39	59.33	54.12	40.41
1011	53.26	55.90	50.60	46.49	60.34	59.24	54.10	40.42
1012	53.25	55.81	50.55	46.49	60.29	59.15	54.06	40.43
1013	53.23	55.73	50.51	46.50	60.24	59.07	54.03	40.44
1014	53.22	55.64	50.47	46.50	60.18	58.98	54.00	40.46
1015	53.21	55.56	50.42	46.50	60.13	58.90	53.96	40.47
1016	53.19	55.47	50.38	46.50	60.08	58.82	53.93	40.48
1017	53.17	55.39	50.33	46.50	60.02	58.73	53.89	40.49
1018	53.15	55.31	50.29	46.50	59.97	58.65	53.85	40.50
1019	53.14	55.23	50.25	46.50	59.91	58.57	53.81	40.51
1020	53.12	55.15	50.21	46.50	59.86	58.50	53.78	40.52
1021	53.10	55.07	50.16	46.50	59.80	58.42	53.73	40.53
1022	53.08	54.99	50.12	46.50	59.74	58.35	53.69	40.54
1023	53.05	54.92	50.08	46.49	59.69	58.27	53.65	40.56
1024	53.03	54.84	50.04	46.49	59.64	58.20	53.61	40.56
1025	53.01	54.77	49.99	46.48	59.58	58.13	53.57	40.58
1026	52.99	54.69	49.95	46.48	59.52	58.05	53.52	40.59
1027	52.97	54.63	49.91	46.47	59.47	57.99	53.48	40.60
1028	52.95	54.55	49.87	46.47	59.41	57.92	53.43	40.61
1029	52.93	54.48	49.83	46.47	59.35	57.85	53.39	40.62
1030	52.90	54.42	49.79	46.46	59.29	57.79	53.34	40.63
1031	52.88	54.34	49.75	46.46	59.24	57.72	53.29	40.64
1032	52.86	54.28	49.71	46.45	59.18	57.65	53.25	40.65
1033	52.83	54.21	49.67	46.44	59.13	57.59	53.20	40.66
1034	52.81	54.15	49.63	46.44	59.07	57.52	53.15	40.68
1035	52.78	54.09	49.59	46.43	59.01	57.46	53.10	40.69
1036	52.76	54.03	49.55	46.43	58.95	57.40	53.05	40.70
1037	52.73	53.96	49.51	46.42	58.90	57.34	53.01	40.71
1038	52.71	53.90	49.47	46.41	58.84	57.28	52.95	40.72
1039	52.68	53.84	49.43	46.40	58.78	57.22	52.90	40.73
1040	52.66	53.79	49.40	46.39	58.72	57.17	52.85	40.74
1041	52.64	53.73	49.36	46.38	58.67	57.11	52.80	40.76
1042	52.60	53.67	49.32	46.37	58.62	57.05	52.75	40.76
1043	52.58	53.61	49.29	46.36	58.55	56.99	52.70	40.78
1044	52.55	53.56	49.25	46.36	58.50	56.94	52.65	40.79
1045	52.53	53.51	49.22	46.34	58.44	56.91	52.61	40.80
1046	52.50	53.47	49.19	46.33	58.39	56.88	52.55	40.81
1047	52.47	53.43	49.15	46.33	58.34	56.89	52.50	40.82
1048	52.45	53.41	49.13	46.32	58.28	56.91	52.45	40.83
1049	52.42	53.40	49.09	46.31	58.23	56.94	52.41	40.84
1050	52.40	53.40	49.07	46.30	58.18	56.99	52.35	40.85
1051	52.37	53.40	49.05	46.28	58.14	57.06	52.30	40.85
1052	52.34	53.43	49.03	46.27	58.09	57.14	52.26	40.87
1053	52.31	53.46	49.02	46.27	58.06	57.24	52.22	40.88
1054	52.29	53.50	49.02	46.25	58.03	57.34	52.17	40.89
1055	52.27	53.55	49.01	46.24	58.00	57.45	52.13	40.90
1056	52.25	53.61	49.01	46.23	57.97	57.57	52.09	40.91
1057	52.22	53.67	49.01	46.23	57.97	57.70	52.06	40.91
1058	52.20	53.75	49.02	46.21	57.95	57.82	52.02	40.92
1059	52.18	53.83	49.03	46.20	57.94	57.96	51.99	40.93
1060	52.17	53.91	49.05	46.19	57.95	58.09	51.97	40.94
1061	52.15	54.00	49.06	46.18	57.95	58.23	51.95	40.95
1062	52.14	54.10	49.09	46.18	57.96	58.37	51.92	40.96
1063	52.12	54.20	49.11	46.17	57.97	58.51	51.91	40.97
1064	52.11	54.30	49.14	46.16	57.99	58.65	51.89	40.98
1065	52.10	54.41	49.17	46.16	58.01	58.79	51.88	40.99
1066	52.09	54.52	49.20	46.15	58.03	58.93	51.87	41.00
1067	52.09	54.62	49.24	46.14	58.06	59.07	51.86	41.00
1068	52.08	54.74	49.27	46.14	58.09	59.21	51.85	41.01
1069	52.08	54.86	49.31	46.14	58.12	59.34	51.85	41.02
1070	52.08	54.97	49.35	46.13	58.16	59.48	51.85	41.03
1071	52.08	55.09	49.40	46.13	58.20	59.61	51.86	41.03
1072	52.09	55.21	49.45	46.13	58.24	59.74	51.86	41.04
1073	52.09	55.33	49.49	46.13	58.29	59.87	51.87	41.05
1074	52.10	55.44	49.54	46.13	58.34	60.00	51.89	41.06
1075	52.11	55.56	49.59	46.13	58.38	60.13	51.90	41.07
1076	52.12	55.68	49.64	46.13	58.43	60.26	51.91	41.07
1077	52.13	55.79	49.69	46.13	58.48	60.38	51.93	41.08
1078	52.15	55.91	49.75	46.13	58.54	60.50	51.96	41.09
1079	52.16	56.03	49.80	46.14	58.59	60.61	51.98	41.09
1080	52.18	56.14	49.86	46.14	58.65	60.73	52.00	41.10
1081	52.20	56.26	49.92	46.15	58.70	60.85	52.03	41.11
1082	52.21	56.37	49.97	46.16	58.77	60.96	52.06	41.11
1083	52.23	56.48	50.03	46.16	58.82	61.07	52.08	41.12
1084	52.26	56.59	50.08	46.17	58.89	61.18	52.12	41.13
1085	52.28	56.70	50.14	46.18	58.95	61.29	52.15	41.13
1086	52.30	56.82	50.20	46.19	59.01	61.39	52.19	41.14
1087	52.33	56.92	50.25	46.20	59.08	61.50	52.23	41.15
1088	52.35	57.03	50.32	46.21	59.14	61.60	52.27	41.15
1089	52.38	57.13	50.37	46.22	59.20	61.70	52.30	41.16
1090	52.41	57.24	50.43	46.24	59.27	61.80	52.35	41.17
1091	52.43	57.35	50.49	46.25	59.34	61.90	52.39	41.17
1092	52.47	57.44	50.55	46.26	59.40	62.00	52.44	41.18
1093	52.49	57.55	50.62	46.28	59.47	62.09	52.49	41.19
1094	52.53	57.65	50.67	46.29	59.53	62.18	52.53	41.19
1095	52.56	57.74	50.74	46.30	59.60	62.27	52.58	41.20
1096	52.59	57.84	50.80	46.32	59.67	62.37	52.63	41.21
1097	52.63	57.94	50.86	46.33	59.74	62.46	52.68	41.21
1098	52.66	58.03	50.92	46.36	59.81	62.54	52.73	41.22
1099	52.69	58.12	50.98	46.37	59.88	62.63	52.78	41.22
1100	52.73	58.22	51.03	46.39	59.94	62.71	52.84	41.23
1101	52.76	58.30	51.10	46.41	60.01	62.80	52.89	41.23
1102	52.80	58.40	51.16	46.43	60.08	62.89	52.94	41.24
1103	52.84	58.48	51.21	46.45	60.15	62.96	53.00	41.24
1104	52.87	58.57	51.27	46.47	60.22	63.05	53.06	41.25
1105	52.91	58.66	51.34	46.49	60.29	63.13	53.11	41.25
1106	52.95	58.74	51.40	46.51	60.36	63.21	53.17	41.26
1107	52.99	58.83	51.45	46.53	60.42	63.28	53.23	41.27
1108	53.02	58.91	51.51	46.56	60.50	63.36	53.28	41.27
1109	53.07	58.99	51.57	46.57	60.56	63.43	53.35	41.27
1110	53.10	59.07	51.63	46.60	60.63	63.51	53.41	41.28
1111	53.14	59.15	51.69	46.62	60.70	63.58	53.47	41.29
1112	53.18	59.22	51.74	46.64	60.77	63.66	53.53	41.29
1113	53.22	59.30	51.80	46.67	60.84	63.73	53.59	41.30
1114	53.26	59.38	51.85	46.69	60.91	63.80	53.65	41.30
1115	53.30	59.45	51.91	46.71	60.97	63.87	53.71	41.31
1116	53.34	59.52	51.96	46.74	61.04	63.94	53.77	41.32
1117	53.38	59.60	52.02	46.76	61.11	64.01	53.84	41.33
1118	53.42	59.67	52.07	46.78	61.18	64.08	53.90	41.33
1119	53.46	59.74	52.13	46.81	61.25	64.15	53.96	41.34
1120	53.50	59.81	52.18	46.83	61.32	64.22	54.03	41.34
1121	53.54	59.88	52.24	46.86	61.38	64.28	54.09	41.35
1122	53.58	59.95	52.29	46.88	61.45	64.35	54.15	41.36
1123	53.62	60.02	52.34	46.91	61.52	64.41	54.22	41.37
1124	53.66	60.08	52.40	46.93	61.59	64.48	54.28	41.37
1125	53.70	60.14	52.45	46.96	61.65	64.52	54.35	41.38
1126	53.74	60.20	52.50	46.98	61.72	64.57	54.42	41.38
1127	53.78	60.25	52.54	47.01	61.79	64.58	54.48	41.39
1128	53.82	60.28	52.59	47.04	61.85	64.59	54.53	41.40
1129	53.86	60.32	52.63	47.06	61.91	64.58	54.60	41.40
1130	53.90	60.33	52.67	47.09	61.98	64.56	54.66	41.41
1131	53.95	60.34	52.71	47.12	62.03	64.53	54.72	41.42
1132	53.99	60.34	52.74	47.14	62.09	64.48	54.78	41.42
1133	54.03	60.33	52.77	47.17	62.14	64.43	54.84	41.43
1134	54.07	60.31	52.79	47.19	62.19	64.36	54.90	41.44
1135	54.11	60.29	52.82	47.22	62.23	64.28	54.96	41.44
1136	54.15	60.25	52.83	47.25	62.27	64.20	55.01	41.45
1137	54.18	60.21	52.84	47.28	62.30	64.11	55.06	41.46
1138	54.23	60.16	52.85	47.30	62.33	64.02	55.12	41.46
1139	54.26	60.10	52.86	47.33	62.36	63.92	55.16	41.47
1140	54.29	60.04	52.86	47.35	62.38	63.81	55.21	41.48
1141	54.32	59.97	52.86	47.38	62.39	63.70	55.25	41.48
1142	54.35	59.90	52.86	47.41	62.41	63.59	55.29	41.49
1143	54.39	59.82	52.85	47.43	62.41	63.48	55.33	41.50
1144	54.41	59.74	52.84	47.45	62.42	63.37	55.37	41.51
1145	54.43	59.66	52.82	47.47	62.42	63.25	55.40	41.51
1146	54.46	59.57	52.81	47.49	62.42	63.13	55.42	41.52
1147	54.48	59.48	52.79	47.52	62.41	63.01	55.45	41.53
1148	54.50	59.39	52.77	47.54	62.40	62.90	55.48	41.54
1149	54.52	59.30	52.75	47.56	62.39	62.78	55.50	41.55
1150	54.53	59.20	52.72	47.57	62.37	62.66	55.51	41.56
1151	54.55	59.11	52.69	47.60	62.35	62.55	55.53	41.56
1152	54.56	59.01	52.67	47.61	62.33	62.43	55.54	41.57
1153	54.57	58.91	52.63	47.64	62.31	62.32	55.55	41.58
1154	54.58	58.81	52.61	47.65	62.28	62.20	55.56	41.59
1155	54.59	58.71	52.57	47.66	62.25	62.09	55.56	41.60
1156	54.60	58.61	52.54	47.68	62.22	61.97	55.56	41.61
1157	54.61	58.51	52.50	47.69	62.18	61.86	55.56	41.61
1158	54.61	58.41	52.46	47.71	62.15	61.75	55.55	41.62
1159	54.61	58.32	52.42	47.71	62.11	61.65	55.55	41.63
1160	54.61	58.22	52.39	47.73	62.07	61.54	55.54	41.64
1161	54.61	58.12	52.34	47.74	62.03	61.44	55.53	41.65
1162	54.61	58.02	52.30	47.75	61.99	61.33	55.52	41.66
1163	54.60	57.92	52.27	47.76	61.95	61.23	55.51	41.67
1164	54.60	57.83	52.22	47.77	61.90	61.13	55.49	41.68
1165	54.59	57.73	52.18	47.77	61.86	61.03	55.47	41.69
1166	54.58	57.64	52.14	47.78	61.81	60.94	55.45	41.70
1167	54.58	57.54	52.09	47.79	61.76	60.84	55.43	41.71
1168	54.57	57.45	52.05	47.79	61.72	60.75	55.40	41.72
1169	54.55	57.36	52.01	47.80	61.66	60.65	55.38	41.73
1170	54.54	57.27	51.96	47.80	61.62	60.56	55.36	41.74
1171	54.53	57.18	51.92	47.81	61.57	60.47	55.33	41.75
1172	54.52	57.09	51.87	47.81	61.52	60.39	55.30	41.76
1173	54.50	57.01	51.83	47.81	61.46	60.30	55.27	41.77
1174	54.49	56.92	51.79	47.81	61.41	60.22	55.24	41.78
1175	54.47	56.84	51.74	47.81	61.36	60.13	55.20	41.79
1176	54.46	56.75	51.70	47.81	61.31	60.05	55.16	41.79
1177	54.44	56.67	51.66	47.82	61.25	59.97	55.13	41.80
1178	54.42	56.59	51.61	47.81	61.20	59.89	55.09	41.82
1179	54.40	56.50	51.57	47.81	61.14	59.81	55.05	41.83
1180	54.38	56.43	51.53	47.81	61.09	59.73	55.01	41.84
1181	54.36	56.35	51.48	47.80	61.03	59.65	54.97	41.84
1182	54.34	56.27	51.44	47.80	60.97	59.58	54.93	41.86
1183	54.32	56.19	51.40	47.80	60.92	59.51	54.89	41.87
1184	54.30	56.12	51.36	47.79	60.86	59.43	54.85	41.88
1185	54.28	56.05	51.31	47.79	60.81	59.36	54.81	41.89
1186	54.26	55.97	51.27	47.78	60.75	59.29	54.76	41.90
1187	54.24	55.90	51.23	47.78	60.69	59.22	54.72	41.91
1188	54.21	55.83	51.18	47.78	60.64	59.15	54.67	41.92
1189	54.19	55.76	51.14	47.77	60.58	59.08	54.63	41.93
1190	54.17	55.69	51.10	47.76	60.52	59.02	54.58	41.94
1191	54.14	55.62	51.07	47.75	60.46	58.95	54.53	41.95
1192	54.12	55.56	51.02	47.75	60.41	58.89	54.49	41.96
1193	54.10	55.50	50.98	47.74	60.35	58.82	54.44	41.97
1194	54.07	55.43	50.94	47.73	60.29	58.76	54.39	41.98
1195	54.05	55.37	50.90	47.73	60.23	58.69	54.34	41.99
1196	54.02	55.30	50.86	47.72	60.18	58.63	54.29	41.99
1197	54.00	55.25	50.83	47.71	60.12	58.57	54.25	42.01
1198	53.97	55.18	50.78	47.70	60.07	58.51	54.20	42.02
1199	53.95	55.12	50.75	47.69	60.01	58.45	54.15	42.03
1200	53.92	55.06	50.71	47.68	59.95	58.39	54.10	42.04
1201	53.89	55.00	50.67	47.68	59.89	58.33	54.05	42.05
1202	53.87	54.95	50.63	47.66	59.84	58.27	54.00	42.06
1203	53.84	54.89	50.60	47.66	59.78	58.21	53.94	42.07
1204	53.81	54.83	50.56	47.65	59.72	58.17	53.89	42.08
1205	53.79	54.79	50.52	47.64	59.67	58.15	53.84	42.09
1206	53.76	54.75	50.49	47.62	59.61	58.14	53.79	42.09
1207	53.74	54.72	50.46	47.61	59.56	58.14	53.75	42.10
1208	53.71	54.70	50.42	47.61	59.51	58.17	53.69	42.12
1209	53.68	54.69	50.41	47.59	59.46	58.22	53.65	42.12
1210	53.66	54.70	50.38	47.58	59.41	58.28	53.60	42.13
1211	53.63	54.71	50.36	47.57	59.37	58.35	53.56	42.14
1212	53.61	54.74	50.35	47.56	59.33	58.44	53.51	42.15
1213	53.58	54.77	50.34	47.55	59.29	58.53	53.47	42.17
1214	53.55	54.82	50.33	47.54	59.27	58.64	53.43	42.17
1215	53.53	54.88	50.33	47.53	59.25	58.75	53.39	42.18
1216	53.51	54.94	50.33	47.52	59.22	58.88	53.35	42.19
1217	53.49	55.01	50.33	47.51	59.21	59.00	53.32	42.20
1218	53.47	55.08	50.34	47.50	59.20	59.13	53.28	42.21
1219	53.45	55.16	50.36	47.49	59.20	59.26	53.26	42.21
1220	53.43	55.25	50.37	47.48	59.20	59.39	53.23	42.22
1221	53.42	55.34	50.39	47.47	59.20	59.53	53.21	42.23
1222	53.40	55.43	50.42	47.46	59.22	59.67	53.19	42.24
1223	53.39	55.53	50.44	47.45	59.23	59.81	53.17	42.25
1224	53.38	55.64	50.47	47.44	59.25	59.95	53.16	42.26
1225	53.37	55.74	50.50	47.44	59.27	60.08	53.14	42.26
1226	53.36	55.85	50.53	47.44	59.29	60.22	53.14	42.27
1227	53.36	55.97	50.57	47.43	59.32	60.36	53.13	42.28
1228	53.35	56.08	50.61	47.42	59.35	60.49	53.13	42.29
1229	53.35	56.19	50.65	47.42	59.39	60.63	53.13	42.30
1230	53.35	56.30	50.69	47.41	59.42	60.76	53.13	42.30
1231	53.36	56.42	50.73	47.41	59.46	60.89	53.14	42.31
1232	53.36	56.53	50.77	47.41	59.50	61.02	53.15	42.32
1233	53.37	56.65	50.82	47.41	59.55	61.15	53.15	42.32
1234	53.37	56.76	50.87	47.41	59.59	61.28	53.17	42.33
1235	53.38	56.88	50.92	47.41	59.64	61.40	53.18	42.34
1236	53.39	57.00	50.97	47.41	59.69	61.52	53.20	42.34
1237	53.40	57.11	51.03	47.41	59.75	61.64	53.22	42.35
1238	53.42	57.23	51.08	47.42	59.80	61.76	53.24	42.36
1239	53.43	57.34	51.13	47.42	59.86	61.87	53.27	42.37
1240	53.45	57.45	51.19	47.43	59.91	61.99	53.29	42.37
1241	53.47	57.57	51.25	47.43	59.97	62.10	53.32	42.38
1242	53.49	57.67	51.30	47.44	60.03	62.22	53.35	42.39
1243	53.51	57.79	51.36	47.45	60.09	62.32	53.38	42.39
1244	53.53	57.90	51.41	47.45	60.15	62.43	53.41	42.40
1245	53.55	58.01	51.47	47.46	60.21	62.53	53.45	42.40
1246	53.57	58.11	51.53	47.47	60.27	62.64	53.48	42.41
1247	53.60	58.22	51.59	47.48	60.33	62.74	53.53	42.42
1248	53.62	58.32	51.65	47.49	60.40	62.84	53.56	42.42
1249	53.65	58.42	51.71	47.50	60.46	62.94	53.60	42.43
1250	53.68	58.53	51.77	47.52	60.53	63.04	53.64	42.43
1251	53.70	58.63	51.82	47.53	60.59	63.13	53.68	42.44
1252	53.74	58.72	51.88	47.54	60.65	63.23	53.73	42.45
1253	53.76	58.82	51.95	47.55	60.72	63.32	53.78	42.45
1254	53.80	58.92	52.00	47.57	60.79	63.41	53.83	42.46
1255	53.82	59.02	52.07	47.58	60.86	63.50	53.88	42.46
1256	53.86	59.11	52.12	47.60	60.92	63.59	53.93	42.47
1257	53.89	59.21	52.19	47.62	60.99	63.67	53.98	42.47
1258	53.92	59.30	52.24	47.64	61.06	63.76	54.03	42.48
1259	53.96	59.39	52.30	47.65	61.13	63.84	54.08	42.48
1260	54.00	59.48	52.36	47.67	61.19	63.92	54.13	42.49
1261	54.03	59.57	52.42	47.69	61.26	64.01	54.19	42.49
1262	54.06	59.65	52.48	47.70	61.32	64.09	54.24	42.50
1263	54.10	59.74	52.54	47.72	61.39	64.17	54.29	42.50
1264	54.13	59.82	52.60	47.75	61.46	64.25	54.36	42.51
1265	54.17	59.91	52.65	47.76	61.53	64.33	54.41	42.52
1266	54.21	59.99	52.72	47.78	61.60	64.40	54.47	42.52
1267	54.24	60.07	52.77	47.80	61.66	64.48	54.53	42.53
1268	54.28	60.15	52.83	47.83	61.73	64.56	54.59	42.53
1269	54.32	60.23	52.89	47.85	61.80	64.63	54.65	42.54
1270	54.36	60.31	52.94	47.87	61.87	64.71	54.70	42.54
1271	54.40	60.39	53.00	47.90	61.94	64.78	54.76	42.55
1272	54.44	60.46	53.06	47.92	62.00	64.85	54.83	42.56
1273	54.47	60.54	53.11	47.94	62.07	64.92	54.89	42.57
1274	54.51	60.61	53.17	47.97	62.14	64.99	54.95	42.57
1275	54.55	60.69	53.22	47.99	62.21	65.06	55.01	42.57
1276	54.59	60.76	53.28	48.01	62.28	65.13	55.07	42.58
1277	54.63	60.84	53.33	48.03	62.34	65.20	55.13	42.58
1278	54.67	60.90	53.39	48.06	62.41	65.27	55.20	42.59
1279	54.71	60.97	53.44	48.08	62.48	65.33	55.26	42.59
1280	54.75	61.04	53.50	48.11	62.54	65.40	55.33	42.59
1281	54.79	61.11	53.55	48.13	62.61	65.46	55.39	42.61
1282	54.83	61.18	53.61	48.16	62.68	65.53	55.45	42.61
1283	54.87	61.24	53.66	48.18	62.74	65.59	55.51	42.61
1284	54.91	61.31	53.71	48.21	62.81	65.64	55.57	42.62
1285	54.95	61.36	53.76	48.23	62.88	65.68	55.63	42.62
1286	54.99	61.41	53.80	48.26	62.94	65.71	55.70	42.62
1287	55.03	61.45	53.85	48.29	63.01	65.72	55.76	42.63
1288	55.07	61.48	53.89	48.31	63.07	65.72	55.83	42.64
1289	55.11	61.50	53.93	48.34	63.12	65.70	55.89	42.64
1290	55.15	61.51	53.97	48.36	63.18	65.67	55.95	42.65
1291	55.19	61.51	54.01	48.39	63.24	65.63	56.01	42.66
1292	55.23	61.51	54.03	48.42	63.29	65.57	56.07	42.66
1293	55.27	61.49	54.06	48.44	63.34	65.51	56.13	42.67
1294	55.31	61.46	54.08	48.47	63.38	65.44	56.18	42.67
1295	55.34	61.43	54.10	48.50	63.42	65.35	56.24	42.68
1296	55.38	61.39	54.11	48.52	63.46	65.26	56.29	42.69
1297	55.42	61.34	54.12	48.55	63.49	65.17	56.34	42.69
1298	55.45	61.29	54.12	48.57	63.51	65.07	56.39	42.70
1299	55.48	61.23	54.13	48.60	63.53	64.96	56.43	42.71
1300	55.51	61.16	54.12	48.62	63.55	64.85	56.48	42.72
1301	55.54	61.09	54.12	48.65	63.56	64.74	56.52	42.72
1302	55.57	61.01	54.11	48.67	63.57	64.63	56.56	42.73
1303	55.60	60.93	54.10	48.70	63.57	64.51	56.59	42.74
1304	55.62	60.85	54.09	48.72	63.58	64.40	56.62	42.74
1305	55.65	60.76	54.07	48.74	63.57	64.28	56.65	42.75
1306	55.67	60.67	54.05	48.76	63.56	64.16	56.68	42.76
1307	55.69	60.58	54.03	48.78	63.55	64.04	56.70	42.76
1308	55.70	60.49	54.01	48.80	63.54	63.92	56.72	42.77
1309	55.73	60.39	53.98	48.82	63.52	63.80	56.74	42.78
1310	55.73	60.29	53.95	48.84	63.50	63.68	56.75	42.79
1311	55.75	60.19	53.93	48.86	63.48	63.57	56.76	42.79
1312	55.76	60.10	53.89	48.88	63.45	63.45	56.78	42.81
1313	55.77	60.00	53.86	48.89	63.43	63.34	56.78	42.81
1314	55.78	59.90	53.83	48.91	63.40	63.22	56.78	42.82
1315	55.78	59.79	53.79	48.92	63.37	63.11	56.79	42.83
1316	55.79	59.70	53.76	48.94	63.33	62.99	56.78	42.84
1317	55.79	59.59	53.72	48.95	63.30	62.89	56.78	42.84
1318	55.79	59.50	53.68	48.96	63.26	62.77	56.77	42.85
1319	55.79	59.40	53.64	48.97	63.22	62.67	56.77	42.86
1320	55.79	59.30	53.60	48.98	63.19	62.56	56.75	42.87
1321	55.79	59.20	53.56	48.99	63.14	62.46	56.74	42.88
1322	55.78	59.10	53.52	49.00	63.10	62.36	56.72	42.89
1323	55.78	59.01	53.48	49.01	63.05	62.25	56.71	42.90
1324	55.78	58.91	53.43	49.02	63.00	62.15	56.69	42.90
1325	55.76	58.81	53.39	49.02	62.96	62.06	56.67	42.91
1326	55.76	58.72	53.35	49.02	62.91	61.96	56.64	42.92
1327	55.75	58.63	53.30	49.03	62.86	61.86	56.62	42.94
1328	55.74	58.53	53.26	49.03	62.81	61.77	56.60	42.94
1329	55.72	58.44	53.21	49.04	62.76	61.68	56.57	42.95
1330	55.71	58.35	53.17	49.04	62.71	61.59	56.54	42.97
1331	55.69	58.26	53.12	49.04	62.65	61.50	56.50	42.97
1332	55.68	58.17	53.08	49.04	62.60	61.42	56.48	42.98
1333	55.66	58.09	53.04	49.05	62.55	61.33	56.44	42.99
1334	55.65	58.00	52.99	49.04	62.50	61.24	56.41	43.00
1335	55.63	57.91	52.95	49.04	62.44	61.16	56.38	43.01
1336	55.61	57.83	52.90	49.04	62.39	61.07	56.34	43.02
1337	55.59	57.75	52.86	49.04	62.33	60.99	56.30	43.02
1338	55.58	57.67	52.81	49.04	62.28	60.91	56.26	43.04
1339	55.55	57.58	52.77	49.04	62.22	60.83	56.22	43.05
1340	55.54	57.51	52.72	49.04	62.16	60.75	56.18	43.06
1341	55.51	57.42	52.68	49.03	62.11	60.68	56.14	43.07
1342	55.49	57.35	52.63	49.03	62.04	60.60	56.10	43.07
1343	55.47	57.28	52.59	49.02	61.99	60.53	56.05	43.09
1344	55.45	57.20	52.55	49.02	61.93	60.45	56.00	43.09
1345	55.43	57.12	52.50	49.01	61.88	60.39	55.96	43.10
1346	55.40	57.05	52.46	49.00	61.81	60.31	55.92	43.11
1347	55.38	56.98	52.42	49.00	61.76	60.24	55.87	43.12
1348	55.36	56.91	52.37	48.99	61.70	60.17	55.82	43.13
1349	55.33	56.84	52.33	48.98	61.64	60.10	55.78	43.14
1350	55.31	56.77	52.29	48.98	61.58	60.03	55.73	43.16
1351	55.28	56.70	52.25	48.97	61.53	59.97	55.68	43.16
1352	55.26	56.64	52.21	48.96	61.47	59.90	55.63	43.17
1353	55.24	56.57	52.16	48.95	61.41	59.83	55.58	43.18
1354	55.21	56.50	52.12	48.94	61.35	59.77	55.53	43.19
1355	55.18	56.44	52.08	48.94	61.30	59.71	55.48	43.20
1356	55.16	56.38	52.04	48.93	61.24	59.64	55.43	43.21
1357	55.13	56.31	52.00	48.92	61.18	59.58	55.39	43.22
1358	55.10	56.25	51.97	48.91	61.12	59.51	55.34	43.23
1359	55.08	56.19	51.92	48.90	61.06	59.46	55.28	43.24
1360	55.05	56.13	51.89	48.89	61.00	59.40	55.24	43.25
1361	55.02	56.07	51.85	48.88	60.95	59.33	55.18	43.26
1362	55.00	56.02	51.81	48.87	60.89	59.27	55.13	43.27
1363	54.97	55.96	51.77	48.86	60.83	59.22	55.08	43.27
1364	54.95	55.90	51.73	48.85	60.77	59.17	55.03	43.28
1365	54.91	55.86	51.70	48.84	60.72	59.15	54.98	43.29
1366	54.89	55.82	51.67	48.83	60.66	59.13	54.92	43.30
1367	54.86	55.78	51.63	48.82	60.61	59.14	54.88	43.31
1368	54.83	55.77	51.61	48.80	60.55	59.17	54.82	43.32
1369	54.81	55.76	51.58	48.79	60.50	59.21	54.77	43.33
1370	54.78	55.76	51.56	48.78	60.45	59.27	54.72	43.34
1371	54.75	55.78	51.54	48.77	60.41	59.34	54.68	43.35
1372	54.72	55.80	51.52	48.76	60.36	59.42	54.63	43.35
1373	54.70	55.83	51.51	48.74	60.33	59.52	54.59	43.36
1374	54.67	55.88	51.50	48.73	60.30	59.63	54.54	43.37
1375	54.65	55.93	51.50	48.72	60.27	59.74	54.50	43.38
1376	54.62	55.99	51.50	48.71	60.25	59.86	54.46	43.39
1377	54.60	56.06	51.50	48.70	60.24	59.98	54.43	43.39
1378	54.58	56.13	51.51	48.69	60.23	60.11	54.40	43.40
1379	54.56	56.22	51.52	48.67	60.22	60.25	54.37	43.41
1380	54.54	56.30	51.54	48.66	60.23	60.37	54.34	43.42
1381	54.52	56.39	51.55	48.65	60.23	60.52	54.32	43.43
1382	54.51	56.49	51.58	48.65	60.23	60.65	54.29	43.43
1383	54.50	56.59	51.60	48.64	60.25	60.79	54.28	43.44
1384	54.48	56.69	51.63	48.63	60.27	60.93	54.26	43.45
1385	54.47	56.79	51.66	48.62	60.29	61.06	54.25	43.46
1386	54.47	56.90	51.69	48.61	60.31	61.20	54.24	43.46
1387	54.46	57.01	51.73	48.61	60.34	61.34	54.24	43.47
1388	54.46	57.12	51.77	48.60	60.37	61.47	54.23	43.47
1389	54.45	57.24	51.80	48.59	60.40	61.60	54.23	43.48
1390	54.45	57.35	51.85	48.59	60.43	61.73	54.23	43.49
1391	54.45	57.46	51.89	48.59	60.48	61.87	54.24	43.50
1392	54.46	57.58	51.94	48.58	60.51	62.00	54.25	43.50
1393	54.46	57.69	51.98	48.58	60.56	62.12	54.26	43.51
1394	54.47	57.81	52.03	48.58	60.60	62.25	54.27	43.52
1395	54.48	57.92	52.08	48.58	60.65	62.37	54.28	43.52
1396	54.48	58.04	52.13	48.58	60.70	62.49	54.30	43.53
1397	54.50	58.15	52.19	48.58	60.75	62.61	54.32	43.54
1398	54.51	58.27	52.24	48.59	60.81	62.73	54.34	43.54
1399	54.52	58.38	52.29	48.59	60.86	62.84	54.37	43.55
1400	54.54	58.49	52.34	48.59	60.92	62.96	54.39	43.55
1401	54.55	58.60	52.40	48.60	60.97	63.07	54.42	43.56
1402	54.57	58.71	52.46	48.60	61.03	63.19	54.45	43.56
1403	54.59	58.82	52.51	48.61	61.09	63.30	54.48	43.57
1404	54.61	58.93	52.57	48.61	61.14	63.40	54.51	43.57
1405	54.63	59.04	52.63	48.62	61.21	63.50	54.55	43.58
1406	54.66	59.15	52.69	48.63	61.27	63.60	54.58	43.58
1407	54.68	59.25	52.74	48.64	61.33	63.71	54.62	43.59
1408	54.70	59.35	52.80	48.65	61.39	63.80	54.66	43.59
1409	54.73	59.46	52.86	48.66	61.46	63.91	54.70	43.60
1410	54.76	59.55	52.92	48.67	61.52	64.00	54.74	43.60
1411	54.78	59.65	52.98	48.69	61.58	64.09	54.78	43.61
1412	54.81	59.75	53.04	48.70	61.65	64.19	54.83	43.61
1413	54.84	59.85	53.10	48.71	61.71	64.28	54.88	43.62
1414	54.87	59.95	53.16	48.73	61.78	64.37	54.92	43.63
1415	54.90	60.04	53.22	48.74	61.84	64.46	54.97	43.62
1416	54.94	60.14	53.28	48.76	61.90	64.55	55.02	43.63
1417	54.97	60.23	53.34	48.77	61.98	64.64	55.07	43.63
1418	55.00	60.32	53.40	48.79	62.04	64.72	55.12	43.64
1419	55.03	60.41	53.46	48.80	62.11	64.80	55.17	43.65
1420	55.06	60.50	53.52	48.82	62.18	64.89	55.22	43.64
1421	55.10	60.59	53.57	48.84	62.24	64.97	55.28	43.65
1422	55.13	60.68	53.63	48.86	62.31	65.05	55.33	43.65
1423	55.17	60.76	53.70	48.88	62.37	65.13	55.38	43.66
1424	55.21	60.85	53.75	48.90	62.44	65.21	55.44	43.66
1425	55.24	60.93	53.81	48.91	62.51	65.28	55.50	43.67
1426	55.28	61.01	53.87	48.93	62.57	65.36	55.55	43.67
1427	55.31	61.09	53.92	48.96	62.64	65.44	55.61	43.68
1428	55.35	61.17	53.99	48.98	62.71	65.51	55.67	43.68
1429	55.38	61.26	54.04	49.00	62.78	65.58	55.73	43.69
1430	55.43	61.33	54.09	49.02	62.84	65.65	55.79	43.69
1431	55.46	61.41	54.15	49.04	62.91	65.73	55.85	43.70
1432	55.50	61.48	54.21	49.06	62.98	65.80	55.91	43.70
1433	55.54	61.56	54.26	49.09	63.05	65.87	55.97	43.70
1434	55.57	61.63	54.32	49.11	63.11	65.94	56.03	43.71
1435	55.61	61.70	54.37	49.13	63.18	66.00	56.09	43.71
1436	55.65	61.78	54.43	49.16	63.25	66.07	56.15	43.71
1437	55.69	61.85	54.48	49.18	63.31	66.14	56.21	43.72
1438	55.73	61.91	54.54	49.20	63.38	66.21	56.27	43.73
1439	55.77	61.99	54.59	49.23	63.45	66.28	56.34	43.73
1440	55.81	62.05	54.64	49.25	63.51	66.34	56.40	43.74
1441	55.84	62.12	54.70	49.27	63.57	66.40	56.46	43.74
1442	55.88	62.19	54.75	49.30	63.64	66.46	56.52	43.75
1443	55.92	62.25	54.80	49.32	63.70	66.52	56.59	43.75
1444	55.96	62.32	54.85	49.35	63.77	66.57	56.65	43.76
1445	56.00	62.37	54.90	49.37	63.83	66.61	56.71	43.76
1446	56.04	62.42	54.94	49.40	63.90	66.63	56.77	43.77
1447	56.08	62.46	54.99	49.43	63.96	66.64	56.84	43.77
1448	56.12	62.49	55.03	49.45	64.02	66.63	56.90	43.78
1449	56.16	62.50	55.06	49.48	64.08	66.61	56.96	43.79
1450	56.20	62.51	55.10	49.51	64.14	66.58	57.02	43.79
1451	56.24	62.52	55.13	49.53	64.19	66.53	57.08	43.80
1452	56.28	62.50	55.16	49.56	64.24	66.48	57.13	43.80
1453	56.32	62.49	55.18	49.58	64.29	66.42	57.19	43.81
1454	56.35	62.46	55.20	49.61	64.33	66.34	57.25	43.81
1455	56.39	62.42	55.22	49.64	64.37	66.25	57.30	43.82
1456	56.42	62.38	55.22	49.66	64.40	66.16	57.35	43.82
1457	56.46	62.33	55.24	49.68	64.43	66.06	57.40	43.83
1458	56.49	62.27	55.24	49.70	64.45	65.97	57.45	43.83
1459	56.52	62.21	55.24	49.73	64.47	65.86	57.49	43.84
1460	56.55	62.14	55.24	49.76	64.49	65.75	57.53	43.85
1461	56.58	62.07	55.23	49.78	64.50	65.64	57.57	43.85
1462	56.61	61.99	55.22	49.80	64.51	65.52	57.61	43.86
1463	56.64	61.91	55.21	49.82	64.51	65.41	57.64	43.87
1464	56.66	61.82	55.20	49.85	64.51	65.29	57.67	43.87
1465	56.68	61.74	55.18	49.87	64.50	65.17	57.70	43.88
1466	56.71	61.64	55.16	49.89	64.49	65.05	57.73	43.88
1467	56.72	61.55	55.14	49.91	64.48	64.93	57.75	43.89
1468	56.74	61.46	55.11	49.93	64.47	64.81	57.77	43.90
1469	56.75	61.36	55.08	49.94	64.45	64.69	57.78	43.91
1470	56.77	61.27	55.05	49.97	64.43	64.58	57.80	43.91
1471	56.78	61.17	55.02	49.98	64.41	64.46	57.80	43.92
1472	56.79	61.07	54.99	50.00	64.38	64.34	57.81	43.92
1473	56.80	60.97	54.95	50.01	64.35	64.22	57.81	43.93
1474	56.80	60.87	54.92	50.02	64.32	64.11	57.82	43.94
1475	56.81	60.76	54.88	50.04	64.29	64.00	57.82	43.95
1476	56.82	60.66	54.84	50.05	64.26	63.88	57.82	43.95
1477	56.82	60.56	54.81	50.06	64.22	63.77	57.81	43.96
1478	56.81	60.46	54.77	50.07	64.18	63.66	57.80	43.97
1479	56.81	60.36	54.72	50.08	64.14	63.55	57.79	43.98
1480	56.81	60.26	54.68	50.09	64.10	63.45	57.78	43.99
1481	56.81	60.16	54.64	50.10	64.06	63.34	57.77	43.99
1482	56.80	60.07	54.60	50.11	64.01	63.24	57.75	44.00
1483	56.80	59.97	54.55	50.11	63.96	63.14	57.73	44.01
1484	56.79	59.87	54.51	50.12	63.92	63.04	57.71	44.02
1485	56.78	59.78	54.47	50.13	63.86	62.94	57.69	44.03
1486	56.77	59.68	54.42	50.13	63.82	62.84	57.67	44.03
1487	56.76	59.59	54.38	50.13	63.77	62.75	57.64	44.04
1488	56.75	59.49	54.33	50.14	63.72	62.65	57.61	44.05
1489	56.73	59.40	54.29	50.14	63.67	62.56	57.59	44.06
1490	56.72	59.31	54.24	50.14	63.61	62.47	57.55	44.07
1491	56.70	59.22	54.20	50.14	63.56	62.38	57.52	44.08
1492	56.69	59.14	54.15	50.14	63.51	62.29	57.49	44.09
1493	56.67	59.04	54.10	50.14	63.46	62.21	57.46	44.10
1494	56.65	58.96	54.06	50.14	63.40	62.12	57.42	44.11
1495	56.64	58.87	54.01	50.13	63.35	62.04	57.39	44.12
1496	56.62	58.79	53.97	50.13	63.29	61.95	57.35	44.13
1497	56.60	58.71	53.92	50.14	63.24	61.87	57.31	44.13
1498	56.58	58.63	53.87	50.12	63.18	61.79	57.27	44.14
1499	56.56	58.55	53.83	50.12	63.12	61.71	57.23	44.15
1500	56.54	58.47	53.78	50.12	63.06	61.63	57.19	44.16
1501	56.52	58.39	53.74	50.12	63.01	61.56	57.14	44.17
1502	56.49	58.31	53.69	50.11	62.95	61.48	57.10	44.18
1503	56.47	58.23	53.65	50.11	62.89	61.40	57.06	44.19
1504	56.45	58.16	53.60	50.10	62.83	61.33	57.01	44.20
1505	56.43	58.08	53.56	50.09	62.77	61.26	56.96	44.21
1506	56.40	58.01	53.52	50.08	62.71	61.19	56.92	44.22
1507	56.38	57.94	53.47	50.08	62.65	61.11	56.87	44.23
1508	56.35	57.87	53.43	50.07	62.60	61.05	56.82	44.23
1509	56.33	57.80	53.39	50.06	62.54	60.97	56.78	44.24
1510	56.30	57.72	53.34	50.05	62.48	60.91	56.73	44.25
1511	56.28	57.66	53.30	50.04	62.42	60.84	56.68	44.26
1512	56.25	57.59	53.26	50.04	62.37	60.77	56.63	44.27
1513	56.23	57.53	53.22	50.03	62.30	60.71	56.58	44.28
1514	56.20	57.46	53.18	50.02	62.24	60.64	56.53	44.29
1515	56.17	57.39	53.14	50.01	62.18	60.57	56.48	44.29
1516	56.14	57.33	53.10	50.00	62.12	60.51	56.43	44.31
1517	56.12	57.27	53.06	49.99	62.07	60.45	56.38	44.31
1518	56.09	57.21	53.02	49.98	62.01	60.39	56.33	44.32
1519	56.06	57.15	52.98	49.97	61.95	60.33	56.28	44.33
1520	56.03	57.09	52.94	49.96	61.89	60.27	56.23	44.34
1521	56.01	57.02	52.90	49.95	61.83	60.20	56.18	44.35
1522	55.98	56.96	52.86	49.94	61.78	60.15	56.12	44.36
1523	55.95	56.91	52.82	49.92	61.71	60.10	56.07	44.37
1524	55.92	56.86	52.78	49.91	61.65	60.06	56.01	44.37
1525	55.89	56.82	52.75	49.90	61.59	60.04	55.97	44.38
1526	55.87	56.78	52.71	49.89	61.54	60.04	55.91	44.39
1527	55.84	56.76	52.68	49.88	61.48	60.06	55.86	44.40
1528	55.81	56.75	52.66	49.87	61.43	60.09	55.81	44.41
1529	55.79	56.74	52.63	49.85	61.38	60.15	55.76	44.42
1530	55.75	56.75	52.61	49.84	61.34	60.22	55.71	44.42
1531	55.73	56.77	52.59	49.83	61.30	60.30	55.66	44.43
1532	55.70	56.80	52.58	49.81	61.26	60.39	55.62	44.44
1533	55.67	56.84	52.57	49.80	61.23	60.48	55.57	44.45
1534	55.65	56.89	52.56	49.79	61.20	60.59	55.53	44.46
1535	55.62	56.95	52.56	49.78	61.18	60.71	55.49	44.47
1536	55.60	57.01	52.56	49.76	61.16	60.83	55.45	44.47
1537	55.58	57.08	52.56	49.75	61.14	60.95	55.42	44.48
1538	55.55	57.16	52.58	49.74	61.13	61.09	55.39	44.49
1539	55.53	57.25	52.59	49.73	61.13	61.21	55.37	44.49
1540	55.52	57.33	52.60	49.72	61.13	61.35	55.34	44.50
1541	55.50	57.42	52.62	49.71	61.14	61.49	55.32	44.51
1542	55.49	57.52	52.65	49.69	61.15	61.62	55.29	44.52
1543	55.47	57.62	52.67	49.69	61.16	61.76	55.28	44.52
1544	55.46	57.72	52.70	49.68	61.19	61.89	55.26	44.53
1545	55.45	57.83	52.73	49.67	61.20	62.03	55.26	44.53
1546	55.44	57.93	52.76	49.66	61.23	62.17	55.25	44.54
1547	55.43	58.04	52.81	49.66	61.26	62.31	55.24	44.55
1548	55.43	58.16	52.85	49.65	61.29	62.43	55.24	44.56
1549	55.43	58.27	52.88	49.64	61.33	62.57	55.24	44.56
1550	55.43	58.38	52.93	49.64	61.36	62.69	55.25	44.57
1551	55.43	58.49	52.97	49.63	61.40	62.82	55.26	44.57
1552	55.44	58.60	53.02	49.63	61.44	62.95	55.26	44.58
1553	55.44	58.72	53.06	49.63	61.49	63.07	55.28	44.59
1554	55.45	58.83	53.11	49.63	61.53	63.20	55.29	44.59
1555	55.46	58.94	53.16	49.63	61.58	63.32	55.31	44.59
1556	55.47	59.06	53.22	49.63	61.63	63.44	55.32	44.60
1557	55.48	59.17	53.26	49.63	61.68	63.55	55.34	44.60
1558	55.49	59.28	53.32	49.63	61.73	63.67	55.37	44.61
1559	55.51	59.39	53.37	49.64	61.79	63.78	55.39	44.61
1560	55.52	59.50	53.43	49.64	61.84	63.90	55.42	44.62
1561	55.54	59.61	53.48	49.65	61.90	64.00	55.44	44.62
1562	55.56	59.72	53.54	49.65	61.95	64.11	55.47	44.63
1563	55.58	59.83	53.60	49.65	62.01	64.21	55.50	44.63
1564	55.60	59.94	53.65	49.66	62.07	64.32	55.54	44.64
1565	55.62	60.04	53.71	49.67	62.13	64.43	55.57	44.64
1566	55.64	60.15	53.77	49.68	62.19	64.52	55.61	44.65
1567	55.66	60.25	53.83	49.69	62.25	64.63	55.65	44.65
1568	55.69	60.35	53.88	49.70	62.31	64.72	55.69	44.66
1569	55.71	60.45	53.94	49.71	62.38	64.82	55.73	44.66
1570	55.74	60.55	54.01	49.72	62.44	64.91	55.77	44.67
1571	55.77	60.64	54.06	49.74	62.50	65.00	55.82	44.67
1572	55.79	60.74	54.12	49.75	62.56	65.09	55.87	44.68
1573	55.82	60.84	54.18	49.76	62.63	65.19	55.91	44.68
1574	55.85	60.93	54.24	49.77	62.69	65.28	55.96	44.68
1575	55.88	61.02	54.30	49.79	62.76	65.36	56.01	44.69
1576	55.92	61.12	54.36	49.80	62.83	65.44	56.06	44.69
1577	55.95	61.21	54.42	49.82	62.89	65.53	56.11	44.70
1578	55.98	61.30	54.48	49.83	62.96	65.62	56.16	44.70
1579	56.01	61.39	54.54	49.85	63.02	65.70	56.22	44.71
1580	56.05	61.47	54.59	49.87	63.09	65.78	56.27	44.71
1581	56.08	61.56	54.65	49.89	63.15	65.85	56.32	44.72
1582	56.11	61.64	54.71	49.90	63.22	65.94	56.38	44.72
1583	56.15	61.73	54.77	49.92	63.29	66.01	56.43	44.72
1584	56.18	61.81	54.82	49.94	63.35	66.09	56.48	44.73
1585	56.21	61.89	54.88	49.96	63.42	66.16	56.54	44.73
1586	56.25	61.98	54.94	49.98	63.48	66.24	56.59	44.73
1587	56.28	62.05	55.00	50.00	63.55	66.31	56.66	44.74
1588	56.32	62.13	55.05	50.02	63.61	66.38	56.71	44.74
1589	56.36	62.21	55.10	50.04	63.68	66.45	56.77	44.75
1590	56.40	62.28	55.17	50.06	63.74	66.53	56.83	44.75
1591	56.43	62.37	55.22	50.08	63.81	66.60	56.89	44.75
1592	56.47	62.43	55.27	50.10	63.88	66.67	56.95	44.76
1593	56.51	62.50	55.32	50.13	63.94	66.74	57.00	44.76
1594	56.55	62.58	55.38	50.15	64.01	66.81	57.06	44.76
1595	56.58	62.65	55.43	50.17	64.08	66.87	57.13	44.77
1596	56.62	62.72	55.48	50.20	64.14	66.94	57.19	44.77
1597	56.66	62.79	55.54	50.22	64.21	67.01	57.25	44.78
1598	56.70	62.86	55.59	50.24	64.27	67.07	57.31	44.78
1599	56.74	62.93	55.64	50.26	64.33	67.14	57.37	44.78
1600	56.77	62.99	55.69	50.29	64.40	67.20	57.43	44.79
1601	56.81	63.06	55.74	50.31	64.46	67.26	57.50	44.79
1602	56.85	63.13	55.80	50.33	64.53	67.33	57.56	44.80
1603	56.89	63.19	55.85	50.36	64.59	67.38	57.62	44.80
1604	56.92	63.26	55.90	50.39	64.66	67.44	57.68	44.81
1605	56.97	63.31	55.95	50.41	64.72	67.47	57.75	44.81
1606	57.01	63.36	55.99	50.43	64.79	67.50	57.81	44.82
1607	57.05	63.39	56.03	50.46	64.85	67.51	57.87	44.82
1608	57.08	63.43	56.08	50.48	64.91	67.50	57.93	44.83
1609	57.12	63.45	56.11	50.51	64.97	67.49	57.99	44.83
1610	57.16	63.45	56.15	50.53	65.02	67.46	58.05	44.84
1611	57.20	63.46	56.18	50.56	65.07	67.41	58.11	44.84
1612	57.24	63.46	56.21	50.58	65.12	67.36	58.17	44.84
1613	57.28	63.44	56.23	50.61	65.17	67.29	58.23	44.85
1614	57.31	63.42	56.25	50.64	65.21	67.22	58.28	44.86
1615	57.35	63.38	56.26	50.66	65.25	67.14	58.33	44.86
1616	57.38	63.34	56.27	50.68	65.28	67.05	58.39	44.87
1617	57.41	63.29	56.28	50.71	65.31	66.96	58.43	44.87
1618	57.45	63.23	56.29	50.73	65.33	66.86	58.48	44.88
1619	57.48	63.17	56.29	50.76	65.35	66.75	58.52	44.88
1620	57.51	63.11	56.28	50.78	65.37	66.64	58.56	44.89
1621	57.53	63.03	56.28	50.81	65.38	66.53	58.60	44.89
1622	57.56	62.95	56.27	50.83	65.39	66.41	58.64	44.90
1623	57.59	62.87	56.25	50.85	65.39	66.30	58.67	44.91
1624	57.61	62.79	56.24	50.87	65.39	66.18	58.70	44.91
1625	57.64	62.70	56.22	50.89	65.39	66.06	58.73	44.92
1626	57.66	62.62	56.20	50.91	65.38	65.94	58.76	44.92
1627	57.67	62.52	56.18	50.93	65.37	65.83	58.78	44.93
1628	57.69	62.43	56.15	50.95	65.35	65.71	58.80	44.94
1629	57.70	62.33	56.12	50.97	65.34	65.59	58.81	44.95
1630	57.72	62.23	56.10	50.98	65.31	65.47	58.83	44.95
1631	57.73	62.13	56.06	51.00	65.29	65.35	58.84	44.96
1632	57.74	62.03	56.03	51.01	65.27	65.23	58.84	44.97
1633	57.75	61.93	56.00	51.03	65.24	65.12	58.85	44.97
1634	57.76	61.83	55.96	51.04	65.21	65.00	58.85	44.98
1635	57.76	61.73	55.92	51.06	65.17	64.88	58.85	44.98
1636	57.77	61.63	55.88	51.07	65.14	64.78	58.85	44.99
1637	57.76	61.53	55.85	51.08	65.10	64.66	58.84	45.00
1638	57.77	61.43	55.81	51.09	65.06	64.55	58.84	45.00
1639	57.77	61.33	55.77	51.10	65.02	64.44	58.83	45.01
1640	57.76	61.23	55.72	51.11	64.98	64.33	58.82	45.02
1641	57.76	61.13	55.68	51.11	64.94	64.22	58.80	45.02
1642	57.76	61.03	55.64	51.12	64.89	64.12	58.78	45.03
1643	57.75	60.93	55.59	51.13	64.85	64.02	58.76	45.04
1644	57.74	60.83	55.55	51.14	64.80	63.91	58.74	45.05
1645	57.73	60.74	55.50	51.14	64.75	63.82	58.72	45.06
1646	57.72	60.64	55.46	51.14	64.70	63.72	58.70	45.06
1647	57.71	60.55	55.41	51.14	64.65	63.62	58.67	45.07
1648	57.70	60.46	55.37	51.15	64.60	63.53	58.64	45.08
1649	57.68	60.36	55.32	51.15	64.55	63.44	58.61	45.09
1650	57.67	60.27	55.27	51.15	64.49	63.35	58.58	45.09
1651	57.66	60.18	55.23	51.15	64.44	63.26	58.55	45.10
1652	57.64	60.09	55.19	51.15	64.38	63.17	58.52	45.11
1653	57.62	60.00	55.14	51.15	64.33	63.08	58.49	45.12
1654	57.60	59.91	55.09	51.15	64.28	62.99	58.45	45.13
1655	57.58	59.83	55.05	51.14	64.22	62.91	58.42	45.14
1656	57.56	59.74	55.00	51.14	64.16	62.82	58.37	45.15
1657	57.54	59.66	54.95	51.14	64.10	62.74	58.34	45.16
1658	57.52	59.57	54.91	51.14	64.05	62.66	58.30	45.16
1659	57.50	59.49	54.86	51.13	63.99	62.58	58.26	45.18
1660	57.48	59.41	54.81	51.13	63.94	62.51	58.22	45.18
1661	57.45	59.33	54.77	51.12	63.88	62.43	58.17	45.19
1662	57.43	59.26	54.72	51.12	63.82	62.35	58.13	45.20
1663	57.40	59.18	54.68	51.12	63.76	62.27	58.08	45.21
1664	57.38	59.10	54.63	51.11	63.71	62.20	58.04	45.22
1665	57.36	59.03	54.58	51.10	63.65	62.13	57.99	45.23
1666	57.33	58.95	54.54	51.09	63.59	62.05	57.94	45.23
1667	57.31	58.88	54.50	51.08	63.53	61.98	57.90	45.24
1668	57.28	58.81	54.45	51.08	63.47	61.91	57.85	45.25
1669	57.26	58.74	54.41	51.07	63.41	61.85	57.80	45.26
1670	57.23	58.67	54.37	51.06	63.35	61.77	57.75	45.27
1671	57.21	58.60	54.32	51.05	63.29	61.70	57.71	45.28
1672	57.18	58.53	54.28	51.04	63.23	61.64	57.65	45.28
1673	57.15	58.46	54.24	51.03	63.18	61.57	57.60	45.29
1674	57.13	58.40	54.20	51.03	63.11	61.50	57.55	45.30
1675	57.10	58.33	54.16	51.01	63.06	61.44	57.50	45.31
1676	57.07	58.27	54.12	51.00	62.99	61.37	57.45	45.32
1677	57.05	58.21	54.07	50.99	62.94	61.31	57.40	45.33
1678	57.02	58.14	54.03	50.98	62.88	61.25	57.35	45.34
1679	56.99	58.08	53.99	50.97	62.82	61.19	57.30	45.35
1680	56.97	58.02	53.95	50.96	62.75	61.12	57.25	45.35
1681	56.94	57.96	53.91	50.94	62.70	61.07	57.19	45.36
1682	56.90	57.90	53.87	50.93	62.64	61.00	57.14	45.37
1683	56.88	57.85	53.83	50.92	62.58	60.95	57.09	45.38
1684	56.85	57.79	53.79	50.91	62.52	60.92	57.04	45.39
1685	56.82	57.75	53.76	50.90	62.46	60.89	56.98	45.39
1686	56.79	57.72	53.73	50.89	62.40	60.89	56.93	45.40
1687	56.76	57.69	53.69	50.87	62.35	60.91	56.88	45.41
1688	56.74	57.67	53.66	50.86	62.30	60.94	56.83	45.42
1689	56.71	57.67	53.64	50.85	62.25	60.99	56.77	45.43
1690	56.68	57.68	53.62	50.84	62.20	61.05	56.72	45.43
1691	56.65	57.70	53.60	50.82	62.16	61.13	56.67	45.44
1692	56.62	57.72	53.58	50.81	62.12	61.22	56.63	45.45
1693	56.60	57.76	53.57	50.80	62.08	61.32	56.58	45.46
1694	56.57	57.81	53.56	50.78	62.05	61.43	56.54	45.46
1695	56.54	57.86	53.56	50.77	62.03	61.54	56.50	45.47